6.538756146507692657e-01 2.668922318965002427e-01 9.226709843123986898e-02 1.348909120964470187e-01 3.958967251017104783e-01 5.159262769371197876e-01 2.095328785252230652e-01
3.436309450090166973e-01 1.575014673584638203e-01 5.361989613723484593e-01 7.545049765804949793e-01 9.187229921307356051e-01 8.982600082377723005e-01 2.652800062727684871e-01
7.323188124972018764e-01 4.292782504513804609e-01 2.652791099073085745e-01 1.778985248612149905e-02 3.645093269013021109e-01 7.278249368953856324e-01 1.757371901572080397e-01
3.366666891138782591e-01 8.137055658535591318e-01 4.610196263710557019e-01 5.720892719955581462e-01 2.672911129359514248e-01 1.073434154451411854e-01 4.540866011403248415e-01
5.977301487666588642e-01 5.394533228229563271e-01 9.604032248831460006e-01 2.193830504970862849e-01 1.028917839916078207e-02 8.825679762986470278e-01 7.734261423878802111e-01
6.105185664103340848e-01 2.857929052113067359e-01 2.972393611321819118e-01 4.366348993907093190e-01 5.169240465192088685e-01 1.749155557303801525e-02 6.159315174657278291e-01
3.138299533948452069e-02 8.265196616315466649e-01 2.891470063026275322e-02 8.878984980525660431e-01 1.093031158421037784e-02 1.552723460339509032e-01 7.518241079587522080e-01
2.817252081794549556e-02 8.118443756268785005e-01 4.689334389020850119e-03 3.028470914113327583e-01 4.693305116349396067e-01 1.753037920009608008e-01 7.723473363262078895e-01
6.466950398414418322e-01 5.431719146933242648e-01 8.264930236111427408e-01 1.053354222831961590e-01 3.462339912572945377e-02 6.740113542702619309e-01 2.797631370439628840e-01
5.016107697753261485e-01 6.524873431758139164e-01 8.238441575295043506e-01 4.643651506820841712e-01 5.311111111111111067e-03 1.521689602483503601e-01 3.528176702570455792e-01
6.563896795468270040e-02 1.205209629069359245e-01 6.307220438396833329e-01 3.797156300142356944e-01 4.684521892435179469e-01 1.417902612503444126e-01 7.481134239549774856e-02
2.606361886420263119e-01 3.926318826908163917e-01 2.710531484435870775e-01 2.217836429859708636e-01 3.846222519142343255e-01 6.568169829885142086e-01 6.206940574885982942e-02
9.107466666666663713e-02 2.936809777949604960e-01 1.659192689918655983e-01 6.751955605965820340e-01 8.027217933980483888e-01 4.944688625027320733e-02 6.303526701765406193e-01
6.881781634294260597e-01 8.178515894593678670e-01 7.748826510465698370e-01 5.532702756819710688e-01 6.580602230457986979e-01 3.643867270344474107e-01 2.472326769244803102e-01
2.595822648213690353e-01 5.854044438318654203e-02 1.374159511514024545e-01 4.984480416157982541e-02 7.106844444444444797e-02 7.619984830534179410e-02 1.593116881192159773e-01
2.293568319185490534e-01 9.347030557880306456e-02 1.413627057813988119e-01 4.119355870748643844e-01 6.606408244250150386e-01 2.842996656008043299e-01 6.282666666666666955e-02
1.579317002531751557e-01 5.994830154891097607e-01 2.196120666764771190e-01 2.369518375352883677e-01 3.021053904220126207e-01 6.177503541461289993e-01 5.151822179552109082e-01
3.928739384583457284e-01 8.599493746034430064e-01 2.655733332255681700e-02 7.533537895473700896e-01 5.406126308038221584e-01 3.351154572223755124e-01 3.880760382344627946e-01
5.956090718243942095e-02 1.590320035103301999e-01 6.286997704242074381e-01 2.980240491680528625e-01 2.848899168319211639e-01 3.182540422470534480e-01 4.856665451769363040e-01
5.894080906435819611e-02 6.935906241579895548e-01 8.640376092335258496e-02 3.574682689825692261e-01 3.511821444178301888e-01 2.610364444430436359e-01 6.517319665554212327e-02
4.321261450514374824e-01 7.968375462939554232e-01 8.439300168006127478e-01 6.090011484863570024e-01 7.850275490052762706e-01 3.903350772879784492e-01 1.399308174978854125e-01
1.321004830950842923e-01 5.904950736232922326e-01 7.278092119598883469e-01 6.971741292267241707e-01 3.726524856459512147e-01 3.251889080480627747e-01 1.719011592833141200e-01
3.827723837632287518e-01 7.502617173090929681e-01 5.915341929291038081e-01 4.685717289219407111e-01 8.035369872901264587e-01 6.468233794746082455e-02 5.211022740394790631e-01
2.494220758769208623e-01 7.348750483355729335e-01 6.522242812131395784e-01 2.321337184840704670e-01 8.064088888888888695e-02 1.474283382992346292e-01 1.330163108720930354e-01
7.677742634183701842e-01 4.944807132219037893e-01 5.456842360689638793e-01 6.344824790663150527e-01 7.324535913498273487e-01 8.110716603048687690e-01 6.471539796020724378e-01
7.193896741249369287e-01 2.996508395935656432e-01 1.772236103980718847e-01 1.121896380603933097e-01 5.437098751474266356e-01 2.099360061615652695e-01 1.176606226547399631e-01
4.947384281998252198e-01 4.966695921857261498e-02 9.439318104354796346e-02 3.335369175984806978e-01 3.779195656950966598e-01 1.862471111111111410e-01 6.667892729059988755e-01
2.805648741636959653e-01 7.271233848841620606e-01 6.541150904793038290e-01 7.264002848840023230e-01 5.262712825657764881e-01 8.992768634663250715e-01 8.426791651561977847e-01
4.932764821311458880e-01 8.465089800293077449e-01 4.904926761271323210e-01 2.635323039563206571e-01 6.088593763929504021e-01 2.463557906351533100e-01 5.719838535462289097e-02
2.607883720900336932e-01 2.432452381821033072e-01 5.795428535787400248e-01 4.851823026559799468e-01 8.045423286990025513e-01 1.858116921582465553e-01 4.093526149498542543e-01
2.629953140469156181e-01 5.973209280908785557e-01 6.615635601843914415e-01 7.470986106936290394e-01 3.560645498198753423e-01 5.227580924220158742e-01 2.014478559953222087e-02
5.078470131298821189e-01 2.975351049427049643e-01 1.832171981810023498e-01 2.077830549156737816e-01 9.915167589231391188e-02 3.214809739897941387e-01 5.991952970169392989e-01
5.421744511947130807e-01 9.119024605585207555e-02 4.725418832479948428e-01 6.827530536358813462e-01 4.816139815322978412e-02 9.700805450534852881e-01 4.460761766550583873e-01
2.316012070529714362e-01 2.616419565199280539e-01 7.149121039850417914e-01 2.864363234333345831e-01 5.148355109316633538e-01 4.481058351778327564e-02 1.431768959468377456e-01
7.650373374779435576e-01 1.104022574447467431e-01 3.950560153109736183e-01 4.673920000000000297e-01 6.638265044765541134e-01 1.719148265049891822e-01 2.423070213636730474e-01
1.213518946355287703e-01 5.648496715271423829e-01 4.222326574415627420e-01 1.700396206871936378e-01 5.693270598666235749e-01 5.789937447201521925e-01 3.779759369713838746e-01
2.551293858684862137e-01 3.733624644352045996e-01 1.486028633819001799e-01 8.181869656196614216e-01 2.841768888858958730e-01 1.382077225556795907e-01 1.835152564219041105e-01
3.173508459521414554e-02 3.721931519021837165e-01 1.529331079789889025e-01 3.516570162590759163e-01 4.989067479535574390e-01 3.401422219870616631e-02 8.666285714262549345e-01
1.934104117920233679e-01 3.237535314937160513e-01 1.108062222144012565e-01 1.255018618285793919e-01 1.260629467342936905e-01 9.208671111111110807e-01 5.419547411418110805e-01
8.714197367414716622e-01 9.562238712657338269e-01 8.804968611801935463e-01 8.420538151851839626e-01 1.284101825018991172e-01 9.019738765827031157e-01 9.233120013741292764e-01
3.229635317736932465e-01 5.004312154554877434e-01 1.224284444391112170e-01 3.083424206802581891e-01 8.519258965390317240e-01 5.383529367487456252e-01 6.202659343151256666e-01
1.020173010547347110e-02 2.858327591210209073e-01 3.514827537580218486e-01 5.008010459774726586e-01 4.779378729021032113e-01 1.623911080600370371e-01 1.814020764792349250e-01
4.638804595664277608e-01 2.026933150808331030e-01 3.622950353875488694e-01 2.650686785463269302e-01 8.666180108658334547e-01 7.822617392053687890e-01 6.609966888984897260e-01
1.325860392927820930e-01 6.138360688687740652e-01 9.589002049417576501e-01 6.290093681914065149e-01 9.465857574390411366e-02 4.538643760434730723e-01 5.691212520702804145e-02
6.118150698102479135e-01 4.741447915914970834e-01 1.118212326633717668e-01 6.860517057351167569e-02 7.168803395759129060e-01 2.451440611907892142e-01 3.972460641346471921e-01
4.234311111111110915e-02 5.644184080686058813e-01 1.680897105010163428e-01 3.909430383580881352e-01 4.810086845510743725e-01 3.357430291391119148e-01 4.199858722464256955e-01
2.490248088068315879e-01 2.239415941984305158e-01 2.354973499520984781e-01 5.454870187461402509e-02 1.313520743960754356e-01 3.540401326098211454e-01 4.761791445964623226e-01
6.502547286535478310e-01 7.027633333333332954e-02 1.912489121587381269e-01 2.790900751611394837e-01 4.411691430192011820e-01 1.021938550929925582e-01 7.945422987873305143e-01
3.480709445376761052e-02 6.303659016582947583e-01 4.538523926825677179e-01 7.710585035769504936e-01 2.632853956464800138e-01 4.378721041388989876e-01 5.069174294491429755e-01
1.579881763980972020e-01 4.151646980655048225e-01 2.946258378525346000e-02 2.140593402771521214e-01 1.818641971750692143e-01 1.648755845217284577e-01 2.465759034047751985e-01
2.109706117435676820e-01 6.983370091933321921e-01 1.108957287269025649e-01 3.096669056024461408e-01 6.589562608813746003e-01 3.047298187145684456e-01 5.014080000072237420e-01
6.885439263624210104e-01 2.365190429309903530e-01 8.868240380987160165e-01 7.648304804162601167e-01 9.048315665452983936e-01 4.811003363050326276e-01 7.408926194004074040e-01
2.140715293909067896e-01 2.387047749373477634e-01 7.424057870594843456e-01 1.272963834456787846e-01 5.343508614434240300e-01 3.054277590340235757e-02 2.293789191084783519e-01
3.813832810196846057e-01 1.769165450378404336e-01 6.926310186946036396e-01 6.674026985525014499e-01 6.896935700771853472e-01 2.494183012745062600e-01 2.078524444444443953e-01
2.860027464078847004e-01 1.712760630742576895e-01 3.499691405919754805e-01 2.381941140390607115e-01 6.502258115527312921e-01 2.341924803561365176e-01 3.331161747499378767e-01
3.026676235179639463e-01 3.343781705745408478e-02 7.190988543751830608e-01 3.950233545056336393e-01 9.051712771772539856e-01 2.497117708211740728e-01 9.748751479259815111e-01
4.138307798178472718e-02 1.971042044781187164e-01 3.267315877367599208e-01 2.063582222100505126e-01 9.591805972706297923e-02 6.301177288816333100e-01 3.656872580645741944e-01
6.785679066903089751e-01 4.036704428030370162e-02 1.830577784678681652e-02 3.381842161870355357e-01 8.549404690875767043e-02 2.559874271570523052e-01 9.501812186852296449e-01
4.402754907961585751e-01 3.254326913197498339e-01 1.840356205329875261e-01 1.962119260320359104e-01 2.463919272162465035e-01 6.029880525543318548e-01 8.227364103440938381e-01
9.150141750988624034e-01 9.428119237693131094e-01 7.618844823186338155e-02 1.122675927004108815e-01 7.405518063345269963e-01 6.052097938400053945e-01 9.247939966101381692e-01
8.686986415613754398e-01 4.971814760751015749e-02 3.607395457550085505e-01 3.514338468771673329e-01 6.922728243810567506e-01 3.481391552573487314e-01 4.462020190778127615e-01
3.935308072838570315e-01 5.461266578137476957e-01 7.495615533758257509e-01 2.637109405779337612e-01 2.446017956738093593e-02 4.827252367191980226e-02 4.730653984542759760e-01
3.993740599760471355e-01 4.101644003758208035e-01 6.000590793871556361e-01 7.018420463168989487e-01 2.521229910594638413e-01 3.627279561451943746e-01 2.124082190104803480e-01
1.674855679566557010e-01 2.044381310826277054e-01 7.746782507707153931e-01 2.129431377233699241e-01 7.361075696643937238e-01 6.622728319597152025e-01 6.497775426003083998e-01
7.693506740359491725e-02 8.522567920700691024e-01 3.687404132927508682e-01 9.543644564317649293e-01 1.779733333333333514e-02 8.652085659806404427e-01 3.808708177390143779e-01
1.760386321168482815e-01 4.851257412163240135e-01 2.146028686720349507e-02 3.074182050807832689e-01 4.221430527057931648e-01 1.441786776794492797e-01 5.873917205070817715e-01
5.937511018868437684e-01 4.762620009762973949e-01 3.243957146570914940e-01 6.156826829908509380e-01 1.945989045890204050e-01 7.180387072129033044e-01 9.250440995167897862e-01
2.859582642870708291e-01 1.611795008031903231e-01 8.576133854247978139e-01 1.942963112083275767e-01 2.293915191349056304e-01 5.021982320197866390e-01 8.217377236051365275e-01
8.625556213085148194e-01 1.394553231160451934e-01 2.960186313468575192e-01 8.747458357401115547e-01 6.678965749881868863e-01 8.900031815123636836e-01 7.691415366263985032e-01
7.621992511669644088e-01 1.921026054504636760e-01 3.040960080382277830e-01 3.457474608331552179e-01 3.848782019422096745e-01 7.341094364617690715e-01 3.014803561031559331e-01
1.636924946992683871e-01 1.778635585202489877e-01 5.923532995785716349e-01 9.021238708368148340e-02 3.333588429692048161e-01 5.417295688502257178e-01 4.915602381156074507e-01
2.265172675885392117e-01 2.654081399444451622e-02 1.246256689468286938e-01 3.590212886959057714e-01 3.935817029329391481e-01 4.080804444444444679e-01 3.286117136823186735e-01
7.408578433862424983e-01 2.692800682341041640e-01 5.318648792894778432e-02 1.697212593377080969e-01 6.124115310555476865e-01 3.750846383075049362e-01 7.464508906325807436e-01
2.214810366214988724e-01 8.495627478951704725e-02 5.543862748049768197e-01 2.443404777185314292e-01 3.957103873715758224e-01 1.922909999999999897e-01 4.738546199889018262e-01
7.952074617270502022e-02 3.393793343920341599e-01 4.845154500269485687e-01 1.919295515421244880e-01 4.414838754541829946e-01 4.885918544558998655e-01 1.509407214752827298e-01
7.384818328189233227e-01 5.332609193552184657e-01 1.173344088774917054e-01 2.994164544158606223e-01 5.404025796851855690e-01 2.576936302362138331e-01 6.606723914663313602e-02
6.936165968685493732e-01 5.676731743504409566e-02 7.717689523634359283e-02 2.944544808920712686e-01 4.064963655033808632e-01 9.884928143996905836e-02 9.363022222212658008e-02
2.049555820083569235e-01 9.154534080739091806e-01 3.305885792603347612e-02 2.679110978947890076e-01 6.405086694886169552e-02 2.527466666666666750e-01 9.295067222919495276e-01
1.914292380541780803e-01 7.132964560439768453e-01 2.292046047727159530e-01 4.536502869783225478e-01 2.069154244097920481e-01 2.444801103924795493e-01 6.336598476250950851e-01
1.148124898691766232e-01 3.959291569762979912e-01 5.427296280772984094e-01 3.221266591775398536e-01 2.980222908728977216e-01 1.789468008145113087e-01 8.152942907580096321e-02
1.177794983213772684e-01 2.199016423402251341e-01 6.342838508335193470e-01 8.774193696213699045e-01 2.323297983007404088e-01 6.977731971113606546e-01 6.812735126412237108e-01
1.820382138575996067e-01 8.682685337326722097e-01 1.336032932831567877e-01 4.647648132325610248e-01 2.998320355198303977e-01 1.786357891167183742e-01 3.492251467859659453e-01
2.344347844907060940e-01 1.221851292824218671e-01 2.233320237797393470e-01 2.558958458203384329e-02 2.612294729168514462e-01 1.814869206621007036e-01 5.648090520012674087e-01
9.734342136794135181e-01 1.060796800887838648e-02 1.664909783862750792e-01 9.447756618680331897e-01 7.086036789837047989e-01 7.440692218372482181e-01 5.633639244217226727e-01
6.383316529072039502e-01 1.743488788444590501e-02 2.479702943228343781e-01 4.789141348498649475e-01 2.298356809052095606e-01 6.761454577353973594e-01 9.169969707531042680e-01
4.699196486719469656e-01 5.467441263499667192e-01 6.690026063880092355e-01 2.398915637694078173e-01 3.559217256199367352e-01 3.391473983176024332e-02 4.993600138265972821e-01
1.952714762680792804e-01 5.092634770801698352e-01 4.670896984408486885e-01 3.579196410554319474e-01 8.637333320100594111e-03 4.299284578297845605e-01 2.111125607284947137e-01
9.631454156362104779e-01 6.837134743160090400e-01 3.861314931873878475e-02 1.678533333333333266e-01 7.755463615474578187e-01 5.460457041578934412e-01 6.865500237205368617e-02
2.218359934805360090e-01 3.901724214923886214e-01 8.769120887453329613e-03 7.729688888469199437e-02 1.457091921004706747e-01 4.598880717145325536e-01 6.366355555555555101e-01
9.330853164131810429e-01 4.255411549418670614e-01 6.449510340123892904e-01 2.314004750069227623e-01 1.592555900530545909e-01 6.046725592425449269e-01 3.643874479033864522e-01
1.804328888924194851e-01 7.990344327790319667e-01 5.414394410263265178e-02 5.540213331735064362e-01 2.732555711355070804e-01 2.136444445786910840e-01 1.706483170116480097e-01
1.554888494991737979e-01 1.835555555555555204e-02 6.616311417741473078e-02 3.886370799671717280e-01 4.811554401605860898e-01 3.143658091306984481e-01 2.452963899740507325e-01
3.851950144141120802e-01 4.910959729141182173e-01 5.069602911963646541e-01 1.106386362262548190e-01 8.046187031759224340e-01 6.035497902258224467e-01 6.842140534788813122e-01
3.702337077258742726e-01 2.921911174788857646e-01 5.379547275347364987e-01 2.837842387481013251e-01 4.831281936798167420e-01 3.630262215780539203e-01 1.034290421158827189e-01
2.900133084232588976e-01 8.199054909656622314e-01 3.433063257720594952e-01 5.269786641249829540e-01 6.851438618477485587e-01 3.589600000000000429e-02 5.978760148518866280e-02
8.274133344413205082e-02 5.905015043704460453e-02 5.271437803660471433e-01 6.612005896345499179e-02 7.013662392096957632e-01 1.306781637670629825e-01 5.330177052236653168e-01
3.937697420768783152e-01 1.090675555674771868e-01 2.266292014358513573e-01 5.665267792912682954e-02 7.000983585003987819e-02 8.632631067288254467e-01 1.901091823940819492e-01
4.294559704093433572e-01 4.906029654837906762e-01 2.463463258588375338e-01 1.442460581812499698e-01 9.484444444444444650e-03 2.877828175781594888e-01 4.596746086633959338e-01
4.053491192188070080e-01 6.020799507790325356e-01 2.030354583844357630e-01 2.489308228657503563e-01 6.762917151395411164e-01 1.045745893729521370e-01 3.771668592747686732e-01
6.251855537601175294e-01 2.704889198519185300e-01 8.838873611077343595e-01 6.380846383895441010e-01 3.528578671230547803e-01 3.357612493492534989e-01 3.969424761556700210e-01
2.928711042222520433e-01 3.867563896111274047e-01 5.665109543046775720e-01 9.582513999467452345e-03 5.832354750265702492e-01 2.872349942687204005e-01 9.268536725783547980e-02
5.408499119844907277e-01 3.318962761730364641e-01 1.793133538421838868e-01 3.661778440104971333e-01 5.092533011763604733e-01 2.387829688693724195e-01 2.554231020475127706e-02
2.599511007160354992e-01 4.340410569757934267e-01 2.238398929243091973e-01 1.980749648551095587e-01 3.362075693837187629e-01 1.173871876858616214e-02 2.210243702869907068e-01
6.413359854332976173e-01 1.718486957574875962e-01 6.554252460064048380e-01 6.616013820047450533e-01 9.404955317743280974e-01 6.473078667321029434e-01 7.156300681977004752e-01
3.206915438125791384e-01 1.994193295951918743e-01 6.056117986171920542e-01 6.814420129872803544e-01 7.313368447902839353e-01 7.878978533651030958e-01 4.788626560996436798e-02
1.727644444444444496e-02 9.820706707021278348e-01 7.864126852686728064e-01 3.049386367958953903e-01 5.469930334204653466e-01 1.169075555555555562e-01 9.225410457292567701e-01
1.075629295609475400e-01 7.665781981958283975e-01 1.157145512636588436e-01 6.808870848477974747e-01 5.185969375943499937e-02 3.256702755749958378e-01 8.902816544652815411e-02
5.296025715108114706e-01 4.971229954245289795e-01 2.766053333333333142e-01 7.886182948519762648e-02 1.433088377697458449e-01 8.685866666665555125e-02 6.774762064248404103e-01
7.534205673321627827e-01 5.524173484619767649e-01 4.952994675156121018e-01 7.825192525311576164e-01 7.847484118418651677e-01 4.898222419394385185e-01 3.946950360802845559e-01
2.965111536843865747e-01 2.761871600135682447e-01 5.171146249413207663e-01 2.216332606506069558e-01 5.815835307218727435e-01 2.421343737062993107e-01 8.604204532458473165e-02
2.892209428450911446e-01 6.385763508993713700e-02 1.875602268077322110e-01 5.493218909522187277e-01 7.501036891815135998e-01 7.708581465351093120e-01 7.025416598963496462e-01
5.027674480553585568e-01 1.246357972553223115e-01 7.679698120789336668e-01 8.300150654206420731e-01 6.704016791109499440e-01 3.941289809665133315e-01 1.343089339608992128e-01
6.204242865509331795e-01 3.611617108984104818e-01 6.093303760261057356e-01 3.427950192420410325e-01 8.363999999999999907e-03 1.123191560229247904e-01 9.354420873126789715e-01
1.737554915459041394e-02 9.584198427220669281e-02 1.379718752382190494e-01 4.721517444371780003e-01 5.799104635421866716e-01 2.284962547220327767e-01 1.687847289524508909e-01
4.474631580340648340e-01 3.921671729134383888e-01 3.778133333333333344e-02 1.796424335452730392e-01 3.436515205259538241e-01 1.461068077321349412e-01 6.558063877158857302e-01
6.781145624759539192e-01 3.632986846841727568e-01 7.693580133650945729e-01 7.341518999904310672e-01 2.934178731749315650e-01 5.843859522607628906e-03 9.879521233216125298e-01
6.718070842126636633e-01 7.301829339107102079e-01 3.280196082132590396e-01 8.737920561136843789e-01 7.637174082023022725e-01 3.832829321940046663e-01 6.075791802164492994e-01
6.942090214956551097e-01 3.663230402787930884e-01 6.559822308249793066e-01 5.764119121769131215e-01 6.931317643849956855e-01 1.633595126284120014e-01 4.891171160872510582e-01
2.195769037315544459e-01 4.500586744170363973e-01 2.060196694667353889e-01 5.963230680135516160e-01 3.280819828214371903e-01 6.981529030002913139e-01 1.335748090725813741e-01
4.856284068155922728e-01 6.938028820371316963e-01 8.423668226908915813e-01 7.226683935518767310e-01 9.378293676322775330e-01 7.905787864300299894e-01 9.213700621123345202e-01
5.586480199597825269e-01 5.935381709649099058e-01 7.369081194889524067e-01 7.599969159354279524e-01 6.681302508378897387e-02 5.747876089028263191e-01 8.827650624150745751e-01
7.609919695469354872e-01 8.100110092398020711e-01 2.228592660077580723e-01 5.441732429150416550e-01 1.590417777777777819e-01 3.837611882257911389e-01 6.006499959429894009e-01
3.278381268674128712e-01 4.345675821045820175e-01 3.472760018920276193e-01 3.462391081183084918e-01 5.361582656650614176e-01 8.888733584861220616e-02 2.212743252519392967e-01
4.974488888888889404e-02 3.338444110273231513e-01 2.028845778359953667e-01 4.173685736267926938e-01 2.512977777743377605e-02 1.976987257104890483e-01 1.783541939992256131e-01
9.128086104093949271e-02 1.442112597402774032e-01 4.533741342454258860e-01 2.343288895138896655e-02 1.099416187506563475e-01 2.069224222189712803e-01 5.486505765932822021e-01
1.457956843940115821e-01 6.879815155319637388e-01 1.225350757781174527e-01 4.545149084534623740e-01 4.509335061644912934e-01 8.874311111111111983e-02 3.639133301585615876e-01
1.709112901124047179e-01 3.678169800707893344e-01 6.743022225259705238e-02 7.677527053129499235e-01 4.445540977281077222e-01 9.544400735899978283e-01 5.665473081986951431e-01
1.068611111111111150e-02 5.223528498966559797e-01 5.684829431436236868e-01 1.734859038257614838e-01 9.841588353438091019e-01 6.875668164091565393e-02 3.514458232112893654e-01
4.764104392625453932e-01 2.819457369409088532e-01 3.593697777777777880e-01 7.879256651667871925e-01 9.358560575308518814e-01 2.810239061772350500e-01 5.893142973308092003e-01
9.653657040364697073e-01 8.538957524430672574e-01 8.166747935244382806e-01 9.536058471170884010e-01 9.973372662640005437e-01 9.479316050216243239e-01 9.917977601759206951e-01
8.220218793738610641e-01 7.890785925058216854e-01 6.145912085466876951e-01 1.336262065440639302e-01 1.183221789222326237e-01 2.691199999484612804e-02 6.848601386373820432e-01
9.149520694311430447e-01 2.551100904402140226e-02 7.456874370569419597e-01 4.685905388281337292e-01 5.817853127175369732e-01 7.170968422278561905e-02 3.496010288889411094e-02
5.286039198486656293e-02 1.847173027295146430e-01 6.969111139757241391e-01 3.009635249933005907e-01 5.124196252202737334e-01 4.262621978792239391e-02 6.675251963345942841e-01
4.259288890353519347e-02 2.656817141573535324e-01 3.278770462922102613e-01 3.467569410575205291e-02 8.441311316083683902e-01 3.709813773072562215e-01 4.572730094765218856e-01
8.863757313287491668e-02 5.588533330760889206e-02 5.765335364340455904e-01 1.884218786333165252e-01 2.192498800773349243e-01 5.401098015285200615e-01 4.670926442278663937e-02
3.799882038158234887e-01 5.688913218604498834e-01 1.067852078820595574e-01 3.334598717759794662e-01 2.914088125081822911e-01 2.323409381279371577e-01 3.219435029439431939e-01
1.691496324992148304e-01 7.441140391221817696e-02 6.645333333333332954e-03 9.787147415085163671e-02 6.840260764492149814e-01 4.541262844729008208e-01 5.851287108976629403e-01
2.902421761410484136e-01 1.613362188924106766e-01 1.043375515387349461e-01 4.890422090625583529e-01 2.438843634151102724e-01 4.972975139574596914e-01 3.589385069309335430e-01
1.996503682109480593e-01 7.495159117552580019e-02 1.169492627451458600e-01 2.474506734600432079e-01 4.225585811192948960e-01 4.811119400923815070e-01 1.805571150316135354e-01
3.299491725506328854e-01 2.853586778048934347e-01 3.310969048994777397e-01 7.639770680291788629e-01 1.894459303768794844e-01 1.588328394052334613e-01 2.499504748984712199e-01
8.145626606410243387e-01 9.646786920191077197e-01 7.913671398683584934e-01 2.374170833782766610e-01 8.299935496310359428e-02 2.107517475603855606e-01 7.839320210276687906e-01
1.107366751052937248e-01 7.592113762848300418e-01 4.359591857987256125e-01 5.140349999070056297e-01 8.531252960136816998e-01 2.272604444500261889e-01 2.625225644203408315e-01
1.933538315720730871e-01 4.327742917193492245e-01 1.700703709643910655e-01 1.601694395575795626e-01 8.482560277109592040e-01 4.824807606684236028e-01 5.755876784539160074e-01
3.014550854411154335e-01 5.528891938165754194e-01 2.917483678288012028e-01 3.686179426366149037e-01 6.272194266804269613e-01 2.951583434912319337e-01 8.391681038918847868e-01
8.048534054561587991e-01 7.124485009062596005e-03 5.411858934440954005e-01 4.526913938972189633e-01 8.693112752224221862e-02 3.323946536328591383e-01 2.397819058104949663e-01
5.493453283191248593e-01 3.723680174342283711e-01 3.056396150166862946e-01 1.937066667088617467e-02 5.474547363247209697e-01 5.467417887969054924e-01 3.719975103763888402e-01
1.734766288476796148e-01 6.379369020153244918e-01 4.459459642965016846e-01 3.195869340651051882e-01 4.299884763483556860e-01 6.684799976501060170e-02 1.263464638434093623e-01
3.944621339146306971e-01 3.893905710649154805e-01 4.493265684824641060e-01 2.409884044276119353e-01 6.605914112354386303e-01 3.385140774205900316e-01 4.389166677550180307e-01
8.512452639822682965e-01 1.613907232722872620e-01 8.819515584022232790e-01 3.260243314756569033e-01 7.956906078279812888e-01 2.823088745318306225e-01 3.295464237585679079e-01
7.476587637427399846e-01 1.986999999999999877e-01 1.154826327368203287e-01 5.070926896238903137e-01 3.849050402352398315e-02 4.301815163427015198e-01 2.450753567693914059e-01
5.268523975152475392e-02 8.622241237991597196e-02 5.058176549085358770e-02 2.855610408169424463e-01 1.147936557036243616e-01 2.237962151108602582e-01 2.268913741510064086e-01
7.939975285819089734e-02 3.435271370419732406e-01 2.064675499554981253e-01 3.382920043884055789e-02 7.719037714838965503e-01 6.397775207704218259e-01 2.642123678671657455e-02
4.829967777777777749e-01 6.736582331496947518e-01 8.543460396080944097e-01 3.760266642251460650e-02 8.087449267560395949e-01 6.191874885215151725e-01 9.457529674582560997e-01
4.435108282629918186e-01 4.280196901107425900e-01 4.010446806914946816e-02 7.715355735837698958e-01 1.937131920337901436e-01 1.850124443188407575e-01 3.275649626060966879e-01
7.182185978979588326e-01 4.336182984867031354e-01 8.759197784388553787e-01 4.274316745579626042e-01 7.937709926505259750e-01 3.070845080042818864e-01 8.535314765881688581e-01
8.959998455919832017e-02 7.879913447200334597e-02 1.827439407908199032e-01 4.816566916809719157e-01 7.904975092171380169e-01 5.513955412138398654e-02 7.802402823885454808e-01
7.101297903642274090e-01 6.427095111895897439e-01 4.553557132186182299e-01 8.129031336555176956e-01 9.561847911589506088e-01 9.370445078887562618e-01 3.717839167891351382e-01
7.198234723996147499e-01 2.418949677430169420e-01 2.860870823174624378e-01 1.105964444582284573e-01 6.790231449754162707e-01 4.982818360991190798e-01 1.937494348833754265e-01
3.955731110110772830e-01 1.802158652921006798e-01 2.680177777777777853e-02 3.978701361936043956e-01 4.001742830959398312e-01 5.089671187085433868e-01 8.330212082617864944e-01
5.642648812153721050e-01 2.139959735651248418e-01 7.391978825735650016e-01 6.140505161061230455e-01 9.955212425430030876e-02 1.626890824307186956e-01 9.716609937191653112e-02
6.405043868641717708e-01 2.871514049660127063e-02 9.258278719097644271e-02 3.755873609529150059e-01 5.307098668281965415e-01 6.611486114406690540e-01 6.069838246377423641e-01
6.093680602322590900e-01 8.545519380458185266e-01 3.176675927349076334e-01 5.295299853961853431e-01 1.265707243972932494e-01 1.502662379805141390e-01 1.687999999999999917e-02
7.426221494495792719e-01 4.608828630798213477e-01 4.576120080763951825e-01 4.756612537932584650e-01 3.007583514899256905e-01 5.991466072382412023e-01 6.834693748785654055e-01
7.107607257149570756e-01 5.247210007395477493e-01 9.460175603716416415e-01 5.788496659395698796e-01 1.866900276186656271e-01 6.684541181706342705e-01 4.554073883453557681e-01
1.787169110887280588e-01 4.563932048423096077e-01 7.208938325696698790e-01 4.838617777777777795e-01 2.154931241352370519e-01 9.144195445317974125e-01 5.368758562157678327e-01
4.877717884374488388e-01 1.305172812525590420e-01 7.430178588840067322e-01 4.047547290555394972e-01 5.485872649713787741e-01 8.123176798183517899e-01 5.736675535965607420e-01
6.361822404596264580e-01 1.121053480715344802e-01 4.770932880701028722e-01 1.956028629495706883e-01 4.285333335791472603e-02 3.643199035516238582e-01 1.088131548553345207e-01
5.747402040080179519e-01 4.488283008852115286e-01 2.057804642024709252e-01 2.828526954720326225e-01 3.695003356413659734e-01 7.931449442311580000e-01 7.318718922563099971e-02
9.990427041513978423e-01 2.805743556501928415e-01 9.727359853408026336e-01 2.979842109609132095e-01 4.802113595302731630e-01 3.745488345756015636e-01 1.918974310527637450e-01
3.317063334113722339e-01 2.206380346095031530e-01 1.872038196485447115e-01 2.506525663145410254e-01 1.095938273141608688e-01 1.988458573861303647e-01 1.879948362993562605e-01
6.094469849249282284e-02 2.570308040418222695e-01 3.072384375426318592e-01 1.144148994919652051e-01 2.104132545993335768e-01 8.496493980505391841e-01 9.129452918109985937e-01
3.901177835331665067e-01 6.680524230022969467e-01 7.363288888888888661e-02 2.076230623600028857e-01 5.544213825702426490e-01 3.613866669829019634e-02 6.025154027999766182e-01
4.363629494988228164e-01 3.943822222222221480e-02 6.653383357589280622e-02 8.589962527696493044e-01 2.182903293006667189e-01 8.526515791170454772e-01 3.857856486415529584e-01
5.197288921254452632e-01 4.343114692359850704e-01 6.589376590650725118e-01 6.472077239932429171e-02 6.854221851497761531e-01 5.349192002701965709e-01 3.530474722015787825e-01
1.851833254622420322e-01 5.520320456871747883e-01 2.794215608358849301e-01 6.068907749864342893e-01 2.230137891065012840e-02 1.746830987975806493e-01 2.995363279484809516e-01
4.887728064871423722e-02 5.455016850239206849e-02 4.247933319404362945e-02 1.349541186800203574e-01 7.360171782488893477e-01 3.103674140674511639e-01 7.380417353242985090e-01
6.325644712190229280e-01 3.666032441045552481e-01 1.250186666666666668e-01 6.647788005564925218e-01 6.081459163127411749e-01 8.056154079114525857e-01 5.448190589285548668e-01
3.412363636749067286e-01 4.730283210787430415e-01 6.344605100384919094e-01 2.155343623772721928e-01 5.605952658903718966e-01 9.606181495554608762e-01 8.101572305117252792e-01
5.469416747279445268e-01 6.938779185541856798e-01 3.094517399486368392e-01 5.788855223145328299e-01 9.764997071846995280e-02 1.874569536884658494e-01 4.585329450338207491e-01
2.113893118052286024e-01 5.405512482846728251e-01 6.446662082040953423e-02 7.229401055027770973e-01 6.574944098358543876e-01 1.762869623623181392e-01 9.009000732728346117e-01
1.628124665263251947e-01 3.123343035613719842e-01 3.625113110638414904e-01 1.882505704696061377e-01 7.938541388971791513e-01 7.782264143118553523e-01 5.684073550212561665e-01
4.929270794426996449e-01 1.719883679628542439e-01 4.067006538343573285e-02 2.225594307461697396e-01 6.248568068221667104e-01 1.731323060048475249e-01 4.276517442226935861e-01
1.006488326546423340e-01 8.357859015585705764e-02 2.160319339799282035e-01 1.863002061487347427e-01 5.525253369576500484e-01 4.664640920693639559e-01 2.318417173546538090e-01
2.963686923799386808e-01 4.696744333515070480e-01 1.671315205781261082e-02 5.054939586188821332e-01 5.376352314280858496e-02 4.171181415505185175e-01 7.752530444876839510e-01
9.405270670312622094e-01 5.014620131581272178e-01 1.848313172886213440e-01 2.612692653414064869e-01 2.680834806168493900e-01 1.966402802079243450e-01 6.424020892340787103e-01
7.939513460163805103e-01 6.548327132564861763e-01 9.750110475613953387e-01 9.899641430090967420e-01 9.939943361008992673e-01 7.385799008287119438e-01 4.853023171558372151e-01
9.086283767006130274e-01 9.639101939481138359e-01 9.662753666765458993e-01 3.421166401874412566e-01 9.688052718599307056e-01 8.675100154144684828e-01 7.696400337258194613e-01
4.934461962684797420e-01 5.458984498449096501e-01 1.568133031347115347e-01 2.717411978111509141e-01 1.588177651210402330e-01 7.544062421100053983e-01 1.735850154813656579e-02
6.256194042232956498e-01 2.305087527808309111e-01 1.380642304428284506e-01 6.865876220071714942e-02 7.069159184160948017e-01 3.232345503268233555e-01 7.851862283173411949e-01
1.748204694359778433e-01 7.122339297637880762e-01 4.397299353612580952e-01 6.435643535028434670e-01 1.929231760096526138e-01 2.768819979515447782e-01 2.929813330200364274e-01
3.583432576355078947e-01 2.653732910742427342e-01 1.297255153027742636e-01 5.349996905234839506e-01 5.770997649230915627e-01 6.872756689807842934e-01 4.554096668063303821e-01
6.453548389373595651e-01 5.682133336072717200e-02 2.662016304912372955e-01 7.021661068049503962e-01 1.408088888888888932e-02 1.204038534918172310e-01 3.536665313662975541e-01
8.849685199771754052e-01 6.740554415241757358e-01 7.249314118804542906e-01 5.386290790419617780e-01 5.263933891450947034e-01 2.153450162702113535e-01 9.372068616769961835e-01
3.960736734491965283e-01 9.081641643238299588e-01 2.716541136667420253e-01 6.375171851828155267e-01 8.981100058399361652e-01 3.253388649700449387e-01 8.021064932617096022e-03
9.731307205310499864e-01 4.226787465212861195e-01 2.841773347390226800e-01 2.323786666656528777e-01 3.554600873134673988e-01 1.683458872409629714e-01 6.240580536703385084e-01
6.932168514570242746e-01 4.779604528238234340e-01 4.718003448076888429e-01 4.024015557589492031e-01 7.309462803585425883e-01 7.219392646254525481e-01 6.312877766578999239e-01
4.919242532204395335e-01 2.682516677561881391e-01 2.111636177165231720e-01 1.738036006614058770e-01 4.196519257992014085e-01 4.108520209037794801e-01 2.880824054073261031e-01
5.580700819088929565e-02 2.429818358459019945e-01 7.957644577907012629e-01 6.935448378494943888e-01 8.277778341450571231e-01 5.388492030048969844e-02 8.664364082454425464e-01
8.954503481286317512e-02 4.580186890784243570e-01 5.775232448296292453e-01 4.388468647008263446e-01 7.557248018784898033e-03 6.576591526188680925e-01 6.650154189014529926e-01
5.037562268666780918e-01 6.624522614619093863e-01 9.863654824375633901e-01 3.408273238500260094e-01 5.252444444444444999e-02 1.198194898782783124e-01 5.600810214499943873e-01
