3.751506805419921875e-01 5.438586473464965820e-01 5.474346876144409180e-01 5.709959864616394043e-01 4.693026542663574219e-01 3.392853438854217529e-01 2.433373332023620605e-01
8.206920027732849121e-01 4.154466688632965088e-01 6.169120073318481445e-01 1.348173320293426514e-01 9.249879717826843262e-01 8.999586701393127441e-01 6.203733086585998535e-01
9.471706748008728027e-01 9.555919766426086426e-01 6.597480177879333496e-01 5.286359786987304688e-01 2.849493324756622314e-01 7.930986881256103516e-01 7.110706567764282227e-01
4.185946583747863770e-01 1.070093363523483276e-01 4.009013175964355469e-01 5.593919754028320312e-01 5.340759754180908203e-01 6.013813614845275879e-01 6.790879964828491211e-01
2.028039991855621338e-01 8.491706848144531250e-01 3.567733243107795715e-02 4.165413379669189453e-01 0.000000000000000000e+00 4.392493367195129395e-01 1.000000000000000000e+00
1.000000000000000000e+00 4.677119851112365723e-01 5.390733480453491211e-01 7.830373048782348633e-01 6.601226925849914551e-01 5.123933553695678711e-01 7.957239747047424316e-01
1.000000000000000000e+00 9.052786827087402344e-01 4.469146728515625000e-01 9.319026470184326172e-01 0.000000000000000000e+00 4.580160081386566162e-01 5.468853116035461426e-01
6.160026788711547852e-01 1.364333331584930420e-01 0.000000000000000000e+00 6.023306846618652344e-01 7.746306657791137695e-01 6.082826852798461914e-01 7.393306493759155273e-01
7.995466589927673340e-01 8.249319791793823242e-01 8.410893082618713379e-01 1.972693353891372681e-01 5.118546485900878906e-01 6.258026361465454102e-01 3.845346570014953613e-01
2.485226690769195557e-01 3.013453185558319092e-01 5.883119702339172363e-01 6.985266804695129395e-01 0.000000000000000000e+00 0.000000000000000000e+00 3.720706701278686523e-01
5.901839733123779297e-01 6.272346377372741699e-01 6.346693038940429688e-01 7.968333363533020020e-01 6.316720247268676758e-01 5.004000067710876465e-01 3.041226565837860107e-01
7.114106416702270508e-01 7.057759761810302734e-01 5.141706466674804688e-01 5.723066926002502441e-01 6.601213216781616211e-01 6.698840260505676270e-01 5.459746718406677246e-01
7.392213344573974609e-01 4.901653230190277100e-01 4.235426783561706543e-01 5.053266882896423340e-01 8.415279984474182129e-01 3.240626752376556396e-01 6.967746615409851074e-01
6.821839809417724609e-01 8.501240015029907227e-01 6.480466723442077637e-01 7.107933163642883301e-01 0.000000000000000000e+00 4.833946526050567627e-01 5.161960124969482422e-01
6.059853434562683105e-01 4.791173338890075684e-01 2.605493366718292236e-01 4.891000092029571533e-01 6.221293210983276367e-01 3.174533247947692871e-01 2.874279916286468506e-01
6.288520097732543945e-01 8.089359998703002930e-01 4.717893302440643311e-01 6.284413337707519531e-01 6.534293293952941895e-01 7.602906823158264160e-01 5.973479747772216797e-01
5.809586644172668457e-01 6.265466809272766113e-01 0.000000000000000000e+00 5.124359726905822754e-01 3.650746643543243408e-01 7.869840264320373535e-01 8.524733185768127441e-01
1.000000000000000000e+00 8.588706851005554199e-01 2.812826633453369141e-01 8.714119791984558105e-01 6.972586512565612793e-01 6.199466809630393982e-02 7.458813190460205078e-01
3.755866587162017822e-01 6.147679686546325684e-01 7.385826706886291504e-01 6.449266672134399414e-01 6.549999713897705078e-01 7.367293238639831543e-01 2.998773455619812012e-01
6.364613175392150879e-01 3.057999908924102783e-01 6.368026733398437500e-01 6.561346650123596191e-01 6.362720131874084473e-01 2.520599961280822754e-01 4.934853315353393555e-01
6.499106884002685547e-01 8.670560121536254883e-01 7.335653305053710938e-01 7.164186835289001465e-01 0.000000000000000000e+00 4.972400069236755371e-01 4.883453249931335449e-01
6.983839869499206543e-01 8.793533444404602051e-01 9.188320040702819824e-01 7.237799763679504395e-01 6.550026535987854004e-01 9.785466641187667847e-02 3.047080039978027344e-01
8.998386859893798828e-01 9.188333153724670410e-01 3.536626696586608887e-01 6.788746714591979980e-01 9.090946912765502930e-01 6.832320094108581543e-01 9.474773406982421875e-01
4.040426611900329590e-01 9.539226889610290527e-01 8.428706526756286621e-01 4.566693305969238281e-01 4.836333394050598145e-01 7.384093403816223145e-01 6.204906702041625977e-01
8.961200118064880371e-01 2.274893373250961304e-01 7.081826925277709961e-01 2.290666699409484863e-01 1.966560035943984985e-01 1.703106611967086792e-01 1.454333364963531494e-01
3.058840036392211914e-01 5.603226423263549805e-01 2.862693369388580322e-01 6.005866527557373047e-01 1.786293387413024902e-01 4.144479930400848389e-01 5.956400036811828613e-01
7.718973159790039062e-01 6.502400040626525879e-01 5.008666515350341797e-01 7.255173325538635254e-01 6.128346920013427734e-01 5.464666485786437988e-01 6.726906895637512207e-01
9.466093182563781738e-01 9.318400025367736816e-01 6.904533505439758301e-01 9.451506733894348145e-01 4.136599898338317871e-01 5.906266719102859497e-02 7.239867001771926880e-02
8.891026377677917480e-01 8.515319824218750000e-01 6.325906515121459961e-01 3.083746731281280518e-01 8.723946809768676758e-01 2.610933184623718262e-01 3.784906566143035889e-01
6.886533498764038086e-01 7.858600020408630371e-01 7.868239879608154297e-01 4.839493334293365479e-01 8.638373017311096191e-01 4.580119848251342773e-01 5.765533447265625000e-01
6.773173213005065918e-01 8.308693170547485352e-01 9.254533052444458008e-01 7.602720260620117188e-01 6.756613254547119141e-01 8.482000231742858887e-02 3.013319969177246094e-01
5.169813036918640137e-01 5.825866460800170898e-01 4.344133436679840088e-01 5.415480136871337891e-01 4.786413311958312988e-01 5.415133237838745117e-01 1.815920025110244751e-01
3.092693388462066650e-01 3.706386685371398926e-01 4.452666640281677246e-02 1.233839988708496094e-01 7.090173363685607910e-01 2.563866600394248962e-02 3.487893342971801758e-01
6.302093267440795898e-01 5.614839792251586914e-01 6.388986706733703613e-01 8.007346391677856445e-01 6.200093030929565430e-01 4.606773257255554199e-01 3.711040019989013672e-01
4.849799871444702148e-01 4.997333288192749023e-01 4.667293429374694824e-01 4.679066538810729980e-01 7.816479802131652832e-01 2.770000100135803223e-01 7.334679961204528809e-01
4.588186740875244141e-01 5.731319785118103027e-01 6.630306839942932129e-01 6.499840021133422852e-01 2.915199995040893555e-01 7.036160230636596680e-01 2.326200008392333984e-01
3.616453409194946289e-01 7.955493330955505371e-01 4.319706559181213379e-01 8.121493458747863770e-01 4.151733219623565674e-01 4.977799952030181885e-01 4.594239890575408936e-01
8.438253402709960938e-01 2.761999964714050293e-01 2.972386777400970459e-01 6.040253043174743652e-01 9.194466471672058105e-01 4.737159907817840576e-01 9.255906939506530762e-01
8.918439745903015137e-01 7.883293032646179199e-01 2.828480005264282227e-01 7.083346843719482422e-01 3.671733438968658447e-01 6.965733319520950317e-02 8.024613261222839355e-01
8.512253165245056152e-01 9.625106453895568848e-01 9.593666791915893555e-01 2.246146649122238159e-01 0.000000000000000000e+00 1.716946661472320557e-01 9.236986637115478516e-01
4.929986596107482910e-01 2.702133357524871826e-01 4.676213264465332031e-01 4.005786776542663574e-01 8.516426682472229004e-01 1.450946629047393799e-01 8.512426614761352539e-01
7.287813425064086914e-01 6.003253459930419922e-01 5.573306679725646973e-01 8.570933341979980469e-01 2.821826636791229248e-01 1.871079951524734497e-01 2.248653322458267212e-01
5.819666385650634766e-01 2.859559953212738037e-01 3.912360072135925293e-01 3.048826754093170166e-01 8.870080113410949707e-01 5.895866751670837402e-01 7.600266933441162109e-01
5.283346772193908691e-01 3.151159882545471191e-01 3.217466548085212708e-02 3.374973237514495850e-01 0.000000000000000000e+00 4.776093363761901855e-01 3.960559964179992676e-01
9.007573127746582031e-01 8.128493428230285645e-01 4.579306542873382568e-01 4.430960118770599365e-01 8.983160257339477539e-01 3.153653442859649658e-01 4.534600079059600830e-01
7.640973329544067383e-01 3.637706637382507324e-01 5.443760156631469727e-01 6.917413473129272461e-01 6.976026892662048340e-01 2.258799970149993896e-01 4.682653248310089111e-01
5.690546631813049316e-01 5.381066799163818359e-01 4.664039909839630127e-01 4.333199858665466309e-01 5.990506410598754883e-01 5.330240130424499512e-01 4.414186775684356689e-01
1.506653279066085815e-01 9.058333039283752441e-01 3.753946721553802490e-01 7.298453450202941895e-01 2.558893263339996338e-01 7.518333196640014648e-01 1.698933355510234833e-02
6.594560146331787109e-01 6.779506802558898926e-01 6.799773573875427246e-01 7.289400100708007812e-01 4.217933416366577148e-01 6.006799936294555664e-01 7.298079729080200195e-01
6.943066716194152832e-01 5.714079737663269043e-01 2.139546722173690796e-01 3.442733287811279297e-01 6.420933604240417480e-01 2.289973348379135132e-01 7.111453413963317871e-01
7.511066794395446777e-01 3.334786593914031982e-01 4.976013302803039551e-01 6.293346881866455078e-01 6.604466438293457031e-01 2.762573361396789551e-01 4.249199926853179932e-01
8.115573525428771973e-01 3.174839913845062256e-01 7.547346353530883789e-01 7.778400182723999023e-01 9.081466794013977051e-01 6.906653046607971191e-01 1.404866725206375122e-01
1.000000000000000000e+00 5.028839707374572754e-01 2.626906633377075195e-01 7.612386941909790039e-01 3.554306626319885254e-01 1.000000000000000000e+00 3.333173394203186035e-01
5.154226422309875488e-01 3.678520023822784424e-01 3.148680031299591064e-01 3.044480085372924805e-01 8.195786476135253906e-01 5.764573216438293457e-01 7.473426461219787598e-01
7.036493420600891113e-01 6.600480079650878906e-01 1.969613283872604370e-01 5.293653607368469238e-01 7.137093544006347656e-01 5.829240083694458008e-01 2.598640024662017822e-01
4.330186545848846436e-01 3.711613416671752930e-01 2.061773389577865601e-01 3.929879963397979736e-01 5.769866704940795898e-02 4.640653431415557861e-01 2.670666575431823730e-02
6.074600219726562500e-01 4.226759970188140869e-01 3.968853354454040527e-01 4.573360085487365723e-01 6.136159896850585938e-01 1.849853396415710449e-01 6.638666391372680664e-01
2.388399988412857056e-01 7.549359798431396484e-01 4.633253216743469238e-01 3.784453272819519043e-01 6.677479743957519531e-01 3.862053453922271729e-01 9.752026796340942383e-01
6.369493603706359863e-01 7.237426638603210449e-01 5.564706921577453613e-01 6.516360044479370117e-01 1.903186589479446411e-01 2.485840022563934326e-01 7.012933492660522461e-02
9.524120092391967773e-01 9.535266757011413574e-01 2.521640062332153320e-01 6.792186498641967773e-01 2.397879958152770996e-01 1.291053295135498047e-01 9.707973599433898926e-01
8.769706487655639648e-01 5.878986716270446777e-01 5.716226696968078613e-01 6.663613319396972656e-01 9.021066427230834961e-01 2.169613391160964966e-01 9.247706532478332520e-01
3.456053435802459717e-01 3.550053238868713379e-01 7.694373130798339844e-01 6.608520150184631348e-01 0.000000000000000000e+00 0.000000000000000000e+00 6.331560015678405762e-01
6.167226433753967285e-01 1.165399998426437378e-01 2.249986678361892700e-01 9.335853457450866699e-01 2.230760008096694946e-01 7.066186666488647461e-01 4.261546730995178223e-01
6.174133419990539551e-01 9.276973605155944824e-01 7.754639983177185059e-01 4.612266719341278076e-01 1.248560026288032532e-01 1.347653269767761230e-01 7.521319985389709473e-01
6.780106425285339355e-01 0.000000000000000000e+00 2.923853397369384766e-01 9.503293037414550781e-01 5.600053071975708008e-01 1.300266683101654053e-01 3.890346586704254150e-01
7.828786373138427734e-01 6.871359944343566895e-01 1.679493337869644165e-01 3.277013301849365234e-01 6.773319840431213379e-01 1.692466735839843750e-01 8.251479864120483398e-01
9.016973376274108887e-01 0.000000000000000000e+00 2.654359936714172363e-01 9.058586359024047852e-01 5.164359807968139648e-01 4.501293301582336426e-01 8.246266841888427734e-01
3.746053278446197510e-01 6.726893186569213867e-01 9.082959890365600586e-01 6.484733223915100098e-01 0.000000000000000000e+00 9.488666802644729614e-02 8.676533401012420654e-02
8.632239699363708496e-01 6.983026862144470215e-01 2.728066742420196533e-01 9.043359756469726562e-01 8.391479849815368652e-01 8.976533412933349609e-01 7.910813093185424805e-01
9.146440029144287109e-01 7.324866652488708496e-01 1.289200037717819214e-01 4.071373343467712402e-01 2.796466648578643799e-01 9.186559915542602539e-01 2.414840012788772583e-01
7.299559712409973145e-01 8.904666900634765625e-01 7.046520113945007324e-01 4.972613453865051270e-01 4.678426682949066162e-01 7.806333303451538086e-01 3.629173338413238525e-01
7.598333358764648438e-01 5.836013555526733398e-01 4.459440112113952637e-01 6.762386560440063477e-01 7.371360063552856445e-01 4.076600074768066406e-01 8.554933071136474609e-01
8.041826486587524414e-01 9.286493062973022461e-01 4.988853335380554199e-01 7.109653353691101074e-01 2.090799957513809204e-01 6.955626606941223145e-01 8.404800295829772949e-02
7.383426427841186523e-01 5.218679904937744141e-01 2.156373262405395508e-01 6.300439834594726562e-01 4.146319925785064697e-01 8.272853493690490723e-01 0.000000000000000000e+00
7.954213023185729980e-01 7.162280082702636719e-01 5.820693373680114746e-01 5.107546448707580566e-01 7.632506489753723145e-01 7.598946690559387207e-01 5.269746780395507812e-01
7.777826786041259766e-01 3.064999878406524658e-01 1.848426610231399536e-01 5.931266546249389648e-01 7.648133039474487305e-01 4.913053214550018311e-01 3.072013258934020996e-01
2.420026659965515137e-01 6.509773135185241699e-01 3.104653358459472656e-01 6.280040144920349121e-01 0.000000000000000000e+00 3.994186520576477051e-01 9.367866814136505127e-02
8.050400018692016602e-01 9.144906401634216309e-01 4.222626686096191406e-01 9.006173014640808105e-01 3.136013448238372803e-01 3.885239958763122559e-01 3.773999959230422974e-02
8.947866559028625488e-01 8.423320055007934570e-01 3.744786679744720459e-01 4.125480055809020996e-01 0.000000000000000000e+00 7.363746762275695801e-01 3.192386627197265625e-01
7.552346587181091309e-01 6.641946434974670410e-01 5.958906412124633789e-01 4.141879975795745850e-01 7.171866893768310547e-01 6.926440000534057617e-01 5.625693202018737793e-01
7.337693572044372559e-01 4.854733347892761230e-01 6.941333413124084473e-02 6.161066517233848572e-02 5.922306776046752930e-01 0.000000000000000000e+00 7.960213422775268555e-01
4.233213365077972412e-01 9.405600279569625854e-02 4.137600064277648926e-01 4.702680110931396484e-01 5.832733511924743652e-01 6.376466751098632812e-01 6.232466697692871094e-01
6.681586503982543945e-01 6.825053095817565918e-01 2.098146677017211914e-01 3.259106576442718506e-01 6.593080163002014160e-01 1.583880037069320679e-01 4.390693306922912598e-01
3.829333186149597168e-02 8.021720051765441895e-01 6.638733148574829102e-01 9.371479749679565430e-01 8.154013156890869141e-01 7.229133248329162598e-01 6.575466692447662354e-02
8.879799842834472656e-01 0.000000000000000000e+00 2.751893401145935059e-01 8.784653544425964355e-01 5.889653563499450684e-01 4.426639974117279053e-01 8.158786892890930176e-01
1.000000000000000000e+00 2.346400022506713867e-01 1.415359973907470703e-01 8.430066704750061035e-01 4.329786598682403564e-01 3.871773183345794678e-01 9.355813264846801758e-01
6.060533523559570312e-01 7.635653018951416016e-01 2.609426677227020264e-01 3.148359954357147217e-01 6.405933499336242676e-01 4.702573418617248535e-01 8.276906609535217285e-01
9.737586379051208496e-01 9.088559746742248535e-01 2.350146621465682983e-01 6.413613557815551758e-01 5.487506389617919922e-01 6.711146831512451172e-01 8.025053143501281738e-01
6.343439817428588867e-01 5.245866775512695312e-01 5.270439982414245605e-01 4.758520126342773438e-01 6.493613123893737793e-01 7.436026930809020996e-01 2.045066654682159424e-01
9.363013505935668945e-01 8.349733352661132812e-01 9.576532989740371704e-02 5.300306677818298340e-01 5.362439751625061035e-01 1.000000000000000000e+00 5.210706591606140137e-01
5.972679853439331055e-01 9.295066446065902710e-02 2.093426734209060669e-01 2.237986624240875244e-01 3.946759998798370361e-01 6.163759827613830566e-01 4.786880016326904297e-01
5.600386857986450195e-01 7.573159933090209961e-01 4.724413454532623291e-01 4.012266695499420166e-01 2.991866767406463623e-01 6.212093234062194824e-01 4.256719946861267090e-01
4.775440096855163574e-01 6.389506459236145020e-01 3.393666744232177734e-01 3.225146532058715820e-01 8.805866837501525879e-01 6.578599810600280762e-01 8.102386593818664551e-01
3.070693314075469971e-01 4.481333196163177490e-01 6.944293379783630371e-01 6.499386429786682129e-01 0.000000000000000000e+00 0.000000000000000000e+00 4.944933354854583740e-01
3.570373356342315674e-01 2.106786668300628662e-01 2.765679955482482910e-01 2.524426579475402832e-01 9.194653034210205078e-01 4.970533251762390137e-01 7.776013016700744629e-01
5.303533077239990234e-01 6.040706634521484375e-01 2.908160090446472168e-01 6.563119888305664062e-01 8.432546854019165039e-01 3.269586563110351562e-01 8.447706699371337891e-01
8.239920139312744141e-01 8.217746615409851074e-01 5.369493365287780762e-01 5.731639862060546875e-01 5.981386899948120117e-01 9.038226604461669922e-01 7.025333046913146973e-01
2.857453227043151855e-01 4.333426654338836670e-01 4.642586708068847656e-01 5.096906423568725586e-01 4.416133463382720947e-01 6.198893189430236816e-01 4.592173397541046143e-01
1.000000000000000000e+00 3.759066760540008545e-01 1.280760020017623901e-01 5.164373517036437988e-01 8.206253051757812500e-01 5.839146375656127930e-01 5.373053550720214844e-01
9.060559868812561035e-01 8.386399745941162109e-01 5.533080101013183594e-01 5.383866429328918457e-01 0.000000000000000000e+00 6.302466392517089844e-01 5.682960152626037598e-01
6.976026892662048340e-01 7.031693458557128906e-01 1.833746731281280518e-01 4.000586569309234619e-01 5.444026589393615723e-01 5.667666792869567871e-01 6.761586666107177734e-01
3.738479912281036377e-01 5.742093324661254883e-01 3.482559919357299805e-01 6.077039837837219238e-01 2.544933259487152100e-01 6.669960021972656250e-01 3.516919910907745361e-01
5.274346470832824707e-01 3.881146609783172607e-01 3.223853409290313721e-01 3.219626545906066895e-01 6.638586521148681641e-01 6.764973402023315430e-01 5.894160270690917969e-01
3.171413242816925049e-01 5.505066514015197754e-01 3.811320066452026367e-01 2.384173274040222168e-01 0.000000000000000000e+00 4.080893397331237793e-01 2.629226744174957275e-01
4.965626597404479980e-01 7.827159762382507324e-01 7.499186396598815918e-01 2.921666800975799561e-01 1.179453358054161072e-01 8.798959851264953613e-01 2.494413256645202637e-01
6.661346554756164551e-01 9.829493165016174316e-01 8.270986676216125488e-01 6.438653469085693359e-01 0.000000000000000000e+00 5.169853568077087402e-01 3.146533295512199402e-02
7.089933156967163086e-01 2.527946531772613525e-01 5.065533518791198730e-01 6.636480093002319336e-01 5.637693405151367188e-01 4.442600011825561523e-01 5.005199909210205078e-01
8.194533586502075195e-01 8.099146485328674316e-01 6.601093411445617676e-01 7.445186376571655273e-01 0.000000000000000000e+00 2.705546617507934570e-01 8.001466840505599976e-02
4.734013378620147705e-01 2.865279912948608398e-01 3.609373271465301514e-01 4.216093420982360840e-01 8.177066445350646973e-01 1.720693260431289673e-01 7.753520011901855469e-01
6.969506740570068359e-01 6.942586898803710938e-01 2.024946659803390503e-01 4.143959879875183105e-01 5.996826887130737305e-01 5.697079896926879883e-01 7.802680134773254395e-01
1.000000000000000000e+00 5.115000009536743164e-01 2.709533274173736572e-01 7.424506545066833496e-01 7.557813525199890137e-01 4.592306613922119141e-01 0.000000000000000000e+00
6.769853234291076660e-01 4.966733455657958984e-01 1.132479980587959290e-01 1.741586625576019287e-01 6.842853426933288574e-01 7.591906785964965820e-01 6.702280044555664062e-01
6.316066384315490723e-01 5.965266823768615723e-01 8.056773543357849121e-01 1.260959953069686890e-01 0.000000000000000000e+00 1.764053255319595337e-01 9.432973265647888184e-01
1.000000000000000000e+00 4.796106517314910889e-01 5.049960017204284668e-01 4.289053380489349365e-01 6.799520254135131836e-01 6.807933449745178223e-01 5.318400263786315918e-01
3.798053264617919922e-01 4.158733189105987549e-01 4.046786725521087646e-01 4.192639887332916260e-01 4.152719974517822266e-01 2.721146643161773682e-01 2.064319998025894165e-01
8.628186583518981934e-01 3.235146701335906982e-01 2.907879948616027832e-01 8.510453104972839355e-01 6.650773286819458008e-01 0.000000000000000000e+00 9.947760105133056641e-01
6.007346510887145996e-01 7.479973435401916504e-01 5.848653316497802734e-01 9.254053235054016113e-01 1.146893352270126343e-01 5.841666460037231445e-01 2.358639985322952271e-01
9.139026403427124023e-01 9.156399965286254883e-01 3.521226644515991211e-01 7.407586574554443359e-01 9.004133343696594238e-01 6.631493568420410156e-01 9.256906509399414062e-01
5.529720187187194824e-01 5.104386806488037109e-01 4.028373360633850098e-01 6.944800019264221191e-01 3.707013428211212158e-01 8.489800095558166504e-01 5.460813045501708984e-01
4.902079999446868896e-01 7.344333529472351074e-01 1.684693396091461182e-01 9.012320041656494141e-01 9.295186400413513184e-01 1.000000000000000000e+00 9.634973406791687012e-01
8.803719878196716309e-01 4.224186539649963379e-01 7.151333093643188477e-01 2.322386652231216431e-01 0.000000000000000000e+00 2.570746541023254395e-01 9.638000279664993286e-02
1.769173294305801392e-01 1.190706640481948853e-01 5.975239872932434082e-01 1.879306733608245850e-01 0.000000000000000000e+00 1.000000000000000000e+00 2.418986707925796509e-01
6.559240221977233887e-01 5.521119832992553711e-01 5.297053456306457520e-01 3.899093270301818848e-01 3.227586746215820312e-01 3.999893367290496826e-01 3.319786787033081055e-01
4.704320132732391357e-01 8.338840007781982422e-01 3.973066508769989014e-01 2.797360122203826904e-01 4.181520044803619385e-01 3.510866761207580566e-01 3.104133307933807373e-01
6.875240206718444824e-01 0.000000000000000000e+00 8.070213198661804199e-01 5.550640225410461426e-01 5.163826942443847656e-01 4.573066532611846924e-01 2.144320011138916016e-01
4.807986617088317871e-01 3.951013386249542236e-01 3.121039867401123047e-01 3.315159976482391357e-01 6.255786418914794922e-01 7.030226588249206543e-01 5.509079694747924805e-01
1.000000000000000000e+00 9.455279707908630371e-01 4.575453400611877441e-01 1.132706627249717712e-01 5.098493099212646484e-01 9.574120044708251953e-01 8.859026432037353516e-01
1.000000000000000000e+00 9.490960240364074707e-01 3.865999877452850342e-01 4.309866726398468018e-01 0.000000000000000000e+00 3.340173363685607910e-01 2.462533265352249146e-01
8.366853594779968262e-01 3.738240003585815430e-01 4.235586524009704590e-01 7.346946597099304199e-01 9.413146376609802246e-01 2.533786594867706299e-01 8.571986556053161621e-01
3.182933479547500610e-02 9.568773508071899414e-01 9.204693436622619629e-01 2.146399952471256256e-02 9.960906505584716797e-01 4.030666500329971313e-02 9.870133399963378906e-01
4.443306624889373779e-01 8.001826405525207520e-01 7.968066930770874023e-01 5.407013297080993652e-01 4.486466646194458008e-01 2.728666663169860840e-01 8.370266556739807129e-01
7.853200286626815796e-02 6.029293537139892578e-01 7.866693139076232910e-01 4.405826628208160400e-01 7.998813390731811523e-01 7.492293119430541992e-01 1.915333271026611328e-01
1.733186691999435425e-01 5.499053597450256348e-01 7.645893096923828125e-01 6.018453240394592285e-01 8.001440167427062988e-01 7.975360155105590820e-01 6.248133182525634766e-01
5.541333556175231934e-01 6.680813431739807129e-01 4.491053223609924316e-01 4.702626764774322510e-01 8.658906817436218262e-01 6.422746777534484863e-01 6.963319778442382812e-01
5.067866444587707520e-01 5.524226427078247070e-01 6.053720116615295410e-01 8.225039839744567871e-01 4.718253314495086670e-01 5.933960080146789551e-01 3.939200043678283691e-01
5.466626882553100586e-01 1.943066716194152832e-01 3.484826683998107910e-01 4.486159980297088623e-01 6.142680048942565918e-01 6.057199835777282715e-01 4.580106735229492188e-01
3.240266740322113037e-01 6.871026754379272461e-01 0.000000000000000000e+00 4.988626539707183838e-01 7.301120162010192871e-01 3.287200033664703369e-01 7.121573090553283691e-01
6.154599785804748535e-01 3.367373347282409668e-01 2.998306751251220703e-01 2.888480126857757568e-01 6.979346871376037598e-01 6.912919878959655762e-01 2.541933357715606689e-01
6.181866526603698730e-01 5.197719931602478027e-01 1.852253377437591553e-01 4.566240012645721436e-01 7.019680142402648926e-01 5.158586502075195312e-01 5.642613172531127930e-01
3.625306785106658936e-01 7.451413273811340332e-01 4.633186757564544678e-01 7.735733389854431152e-01 4.748013317584991455e-01 5.564213395118713379e-01 5.094720125198364258e-01
8.540573120117187500e-01 0.000000000000000000e+00 8.357813358306884766e-01 3.927013278007507324e-01 3.973493278026580811e-01 4.096826612949371338e-01 8.274319767951965332e-01
7.175853252410888672e-01 2.843933403491973877e-01 5.538839697837829590e-01 5.394386649131774902e-01 9.689133167266845703e-01 3.246786594390869141e-01 9.241840243339538574e-01
6.907693147659301758e-01 9.403613209724426270e-01 7.141013145446777344e-01 2.074960023164749146e-01 8.439159989356994629e-01 2.334946691989898682e-01 8.951226472854614258e-01
6.900386810302734375e-01 6.130120158195495605e-01 5.508493185043334961e-01 7.076186537742614746e-01 7.400066852569580078e-01 5.622106790542602539e-01 9.138146638870239258e-01
1.700759977102279663e-01 0.000000000000000000e+00 4.758093357086181641e-01 3.118759989738464355e-01 3.344599902629852295e-01 6.836546659469604492e-01 2.742533385753631592e-01
4.422066509723663330e-01 6.445066928863525391e-01 5.913813114166259766e-01 4.988573193550109863e-01 5.875453352928161621e-01 8.966720104217529297e-01 0.000000000000000000e+00
8.117626905441284180e-01 8.217440247535705566e-01 2.128120064735412598e-01 7.713813185691833496e-01 1.958973258733749390e-01 2.535946667194366455e-01 3.904066681861877441e-01
8.359479904174804688e-01 6.982866525650024414e-01 1.804839968681335449e-01 3.563906550407409668e-01 8.261039853096008301e-01 3.075399994850158691e-01 4.548773467540740967e-01
8.573920130729675293e-01 4.700546562671661377e-01 3.917546570301055908e-01 5.550733208656311035e-01 8.330266475677490234e-01 4.106826782226562500e-01 4.710359871387481689e-01
1.935146600008010864e-01 0.000000000000000000e+00 5.049413442611694336e-01 3.073199987411499023e-01 3.677333295345306396e-01 7.257319688796997070e-01 3.047159910202026367e-01
8.078666925430297852e-01 9.525666832923889160e-01 4.397999942302703857e-01 8.322839736938476562e-01 3.429266512393951416e-01 7.849159836769104004e-01 4.050813317298889160e-01
5.110893249511718750e-01 6.429359912872314453e-01 0.000000000000000000e+00 3.640653192996978760e-01 9.226093292236328125e-01 2.349866628646850586e-01 8.301213383674621582e-01
1.000000000000000000e+00 9.589466452598571777e-01 8.112186789512634277e-01 5.401039719581604004e-01 8.305200189352035522e-02 1.573173403739929199e-01 8.899066448211669922e-01
2.676493227481842041e-01 7.986853122711181641e-01 5.094506740570068359e-01 7.887746691703796387e-01 5.200093388557434082e-01 4.250426590442657471e-01 5.368840098381042480e-01
2.628040015697479248e-01 5.544586777687072754e-01 8.731439709663391113e-01 3.040120005607604980e-01 1.000000000000000000e+00 4.811386764049530029e-01 0.000000000000000000e+00
6.933026909828186035e-01 7.753013372421264648e-01 4.329493343830108643e-01 7.635746598243713379e-01 8.024453520774841309e-01 2.758986651897430420e-01 1.586093306541442871e-01
2.688919901847839355e-01 9.400746822357177734e-01 0.000000000000000000e+00 8.403679728507995605e-01 2.364533394575119019e-02 9.493920207023620605e-01 7.018399834632873535e-01
2.878440022468566895e-01 5.855720043182373047e-01 2.526226639747619629e-01 5.610613226890563965e-01 1.866666674613952637e-01 1.811973303556442261e-01 4.211946725845336914e-01
6.006640195846557617e-01 8.406573534011840820e-01 4.104333221912384033e-01 7.324533462524414062e-01 5.808546543121337891e-01 1.414053291082382202e-01 3.545333445072174072e-02
6.634213328361511230e-01 3.036080002784729004e-01 8.069773316383361816e-01 1.828813254833221436e-01 5.886253118515014648e-01 3.491706550121307373e-01 3.501933217048645020e-01
8.608999848365783691e-01 6.790666580200195312e-01 5.569679737091064453e-01 8.455253243446350098e-01 2.149119973182678223e-01 8.393719792366027832e-01 1.679760068655014038e-01
3.501760065555572510e-01 5.637306571006774902e-01 7.267546653747558594e-01 2.408840060234069824e-01 5.318053364753723145e-01 0.000000000000000000e+00 6.888440251350402832e-01
9.149293303489685059e-01 5.117306709289550781e-01 6.335853338241577148e-01 2.658786773681640625e-01 6.799213290214538574e-01 8.720933198928833008e-01 2.709146738052368164e-01
7.975599765777587891e-01 7.604013085365295410e-01 9.319986701011657715e-01 7.209479808807373047e-01 5.679079890251159668e-01 1.856533288955688477e-01 6.943359971046447754e-01
8.100586533546447754e-01 9.155693054199218750e-01 8.249653577804565430e-01 5.112133026123046875e-01 3.228826522827148438e-01 5.497866868972778320e-01 5.308319926261901855e-01
8.342013359069824219e-01 3.213253319263458252e-01 4.399693310260772705e-01 1.460240036249160767e-01 8.151573538780212402e-01 8.145493268966674805e-01 2.763293385505676270e-01
8.526946902275085449e-01 4.485239982604980469e-01 6.571506857872009277e-01 6.328493356704711914e-01 5.534066557884216309e-01 6.152240037918090820e-01 7.492679953575134277e-01
4.109546542167663574e-01 6.294573545455932617e-01 4.120533466339111328e-01 6.482160091400146484e-01 2.630506753921508789e-01 8.954399824142456055e-01 5.784226655960083008e-01
9.971586465835571289e-01 7.784280180931091309e-01 9.780493378639221191e-01 3.381026685237884521e-01 5.010293126106262207e-01 7.241533398628234863e-01 5.138666629791259766e-01
2.697120010852813721e-01 6.291866898536682129e-01 5.087040066719055176e-01 4.224693179130554199e-01 6.834066510200500488e-01 5.885599851608276367e-01 6.991653442382812500e-01
8.501573204994201660e-01 7.077293395996093750e-01 6.687133312225341797e-01 6.496586799621582031e-01 7.935053110122680664e-01 8.865946531295776367e-01 9.554826617240905762e-01
6.041719913482666016e-01 8.601426482200622559e-01 5.402346849441528320e-01 4.298239946365356445e-01 7.989973425865173340e-01 5.000960230827331543e-01 2.170279920101165771e-01
5.688933134078979492e-01 0.000000000000000000e+00 4.734573364257812500e-01 8.778546452522277832e-01 3.928786516189575195e-01 8.760973215103149414e-01 2.238720059394836426e-01
8.283946514129638672e-01 6.324986815452575684e-01 3.338933289051055908e-01 5.276813507080078125e-01 8.187639713287353516e-01 3.349586725234985352e-01 5.702466368675231934e-01
7.346599698066711426e-01 7.424359917640686035e-01 7.112706899642944336e-01 9.349066615104675293e-01 3.855786621570587158e-01 1.000000000000000000e+00 2.032013386487960815e-01
7.788146734237670898e-01 8.750533461570739746e-01 5.425186753273010254e-01 4.389106631278991699e-01 8.762826919555664062e-01 2.683146595954895020e-01 9.540373086929321289e-01
7.932573556900024414e-01 4.798453450202941895e-01 1.795359998941421509e-01 1.662306636571884155e-01 7.869039773941040039e-01 7.241653203964233398e-01 1.825533360242843628e-01
4.968560039997100830e-01 8.030053377151489258e-01 1.144360005855560303e-01 4.283186793327331543e-01 0.000000000000000000e+00 1.000000000000000000e+00 7.432933449745178223e-01
2.869839966297149658e-01 0.000000000000000000e+00 4.642826616764068604e-01 6.806799769401550293e-01 4.106786549091339111e-01 6.023600101470947266e-01 5.551000237464904785e-01
8.486559987068176270e-01 7.675333023071289062e-01 2.418826669454574585e-01 8.750479817390441895e-01 6.760200262069702148e-01 3.197079896926879883e-01 4.486266523599624634e-02
5.771039724349975586e-01 5.243586897850036621e-01 6.258413195610046387e-01 4.802706539630889893e-01 9.043853282928466797e-01 3.692586719989776611e-01 2.510186731815338135e-01
7.031813263893127441e-01 7.767213582992553711e-01 5.296093225479125977e-01 4.366079866886138916e-01 2.421773374080657959e-01 4.658333361148834229e-01 3.450693190097808838e-01
6.494386792182922363e-01 9.677453041076660156e-01 3.814653456211090088e-01 6.532959938049316406e-01 3.553853332996368408e-01 7.003106474876403809e-01 5.491560101509094238e-01
3.996813297271728516e-01 3.871906697750091553e-01 0.000000000000000000e+00 8.632000088691711426e-01 4.359506666660308838e-01 1.791346669197082520e-01 2.324759960174560547e-01
9.435573220252990723e-01 2.138293385505676270e-01 5.621039867401123047e-01 4.818426668643951416e-01 6.600826382637023926e-01 5.825706720352172852e-01 7.383173108100891113e-01
1.000000000000000000e+00 9.917920231819152832e-01 9.785693287849426270e-01 0.000000000000000000e+00 9.897946715354919434e-01 6.516680121421813965e-01 9.448346495628356934e-01
9.062013030052185059e-01 9.627760052680969238e-01 1.688759922981262207e-01 3.750866651535034180e-01 9.812759757041931152e-01 7.280266284942626953e-02 9.345199912786483765e-02
8.557173609733581543e-01 4.598213434219360352e-01 6.964973211288452148e-01 4.804599881172180176e-01 7.855973243713378906e-01 8.100466728210449219e-01 5.277373194694519043e-01
1.894626617431640625e-01 5.837186574935913086e-01 4.142546653747558594e-01 3.410853445529937744e-01 6.670746803283691406e-01 2.920026779174804688e-01 9.017786383628845215e-01
6.463320255279541016e-01 7.075266838073730469e-01 5.515186786651611328e-01 6.528293490409851074e-01 7.154133319854736328e-01 3.273600041866302490e-01 5.385879874229431152e-01
7.455933094024658203e-01 5.614226460456848145e-01 3.341520130634307861e-01 7.533333301544189453e-01 2.282106727361679077e-01 2.968960106372833252e-01 3.246266543865203857e-01
1.478933393955230713e-01 7.320573329925537109e-01 5.574333071708679199e-01 9.937333315610885620e-02 2.269853353500366211e-01 4.096866548061370850e-01 3.852800130844116211e-01
3.848280012607574463e-01 6.798719763755798340e-01 8.150733113288879395e-01 4.263199865818023682e-01 6.110293269157409668e-01 4.102253317832946777e-01 9.027946591377258301e-01
7.818719744682312012e-01 9.056360125541687012e-01 6.947253346443176270e-01 8.648413419723510742e-01 9.063119888305664062e-01 2.793239951133728027e-01 1.000000000000000000e+00
9.781173467636108398e-01 2.225986719131469727e-01 7.118506431579589844e-01 3.306946754455566406e-01 6.040880084037780762e-01 3.829893469810485840e-01 8.570186495780944824e-01
8.770399689674377441e-01 1.951320022344589233e-01 5.267813205718994141e-01 3.781639933586120605e-01 2.341613322496414185e-01 2.703013420104980469e-01 1.537173390388488770e-01
7.171573042869567871e-01 4.457040131092071533e-01 2.492946684360504150e-01 4.941333234310150146e-01 6.968226432800292969e-01 5.180919766426086426e-01 5.367733240127563477e-01
1.000000000000000000e+00 6.200839877128601074e-01 8.202760219573974609e-01 5.514053106307983398e-01 8.613439798355102539e-01 0.000000000000000000e+00 8.447226881980895996e-01
6.855559945106506348e-01 8.451106548309326172e-01 4.299306571483612061e-01 4.577440023422241211e-01 0.000000000000000000e+00 5.937359929084777832e-01 2.879706621170043945e-01
8.603506684303283691e-01 2.896213233470916748e-01 8.712000213563442230e-03 5.929133296012878418e-01 0.000000000000000000e+00 3.019293248653411865e-01 7.573720216751098633e-01
