6.237653493881225586e-01 4.889906644821166992e-01 5.475839972496032715e-01 3.388413190841674805e-01 5.483440160751342773e-01 2.210386693477630615e-01 4.962986707687377930e-01
9.538053274154663086e-01 6.084133312106132507e-02 6.685733050107955933e-02 4.218933358788490295e-02 9.828293323516845703e-01 8.025733232498168945e-01 6.425306797027587891e-01
1.000000000000000000e+00 3.080826699733734131e-01 1.062933355569839478e-01 5.667093396186828613e-01 7.787986397743225098e-01 8.410853147506713867e-01 4.078719913959503174e-01
0.000000000000000000e+00 3.698839843273162842e-01 2.623839974403381348e-01 3.298920094966888428e-01 6.436706781387329102e-01 4.816666543483734131e-01 8.052373528480529785e-01
7.225053310394287109e-01 8.295786380767822266e-01 4.532213211059570312e-01 5.990986824035644531e-01 6.451039910316467285e-01 8.204306364059448242e-01 6.830053329467773438e-01
1.000000000000000000e+00 4.641026556491851807e-01 4.073466658592224121e-01 8.426079750061035156e-01 5.948133468627929688e-01 4.609586596488952637e-01 7.681706547737121582e-01
8.148306608200073242e-01 8.921759724617004395e-01 6.239413022994995117e-01 8.941413164138793945e-01 9.320359826087951660e-01 1.465533375740051270e-01 1.000000000000000000e+00
4.718106687068939209e-01 4.669826626777648926e-01 0.000000000000000000e+00 4.711826741695404053e-01 6.614506840705871582e-01 6.943866610527038574e-01 4.680933356285095215e-01
7.308546900749206543e-01 5.594013333320617676e-01 5.963026881217956543e-01 1.468626707792282104e-01 6.429933309555053711e-01 7.757733464241027832e-01 4.669946730136871338e-01
6.948559880256652832e-01 8.097360134124755859e-01 1.000000000000000000e+00 2.907840013504028320e-01 0.000000000000000000e+00 1.487720012664794922e-01 8.664439916610717773e-01
4.221893250942230225e-01 8.363813161849975586e-01 6.820293068885803223e-01 7.985933423042297363e-01 3.846400082111358643e-01 4.541333317756652832e-01 1.547026634216308594e-01
7.215560078620910645e-01 6.450946927070617676e-01 3.802706599235534668e-01 4.940679967403411865e-01 6.431346535682678223e-01 3.195199966430664062e-01 5.549293160438537598e-01
9.376706480979919434e-01 7.546546459197998047e-01 1.000000000000000000e+00 8.715493083000183105e-01 7.524373531341552734e-01 9.698266535997390747e-02 9.605919718742370605e-01
6.000826358795166016e-01 7.126320004463195801e-01 6.478333473205566406e-01 9.341333508491516113e-01 2.278946638107299805e-01 6.194293498992919922e-01 1.961320042610168457e-01
5.389533042907714844e-01 4.750680029392242432e-01 4.491933286190032959e-01 4.498279988765716553e-01 6.105986833572387695e-01 3.382599949836730957e-01 3.019706606864929199e-01
8.648053407669067383e-01 9.167919754981994629e-01 1.000000000000000000e+00 1.000000000000000000e+00 4.025506675243377686e-01 8.232439756393432617e-01 4.091773331165313721e-01
4.555319845676422119e-01 5.060493350028991699e-01 7.548000216484069824e-01 7.564826607704162598e-01 3.306586742401123047e-01 6.137719750404357910e-01 1.841853260993957520e-01
2.168573290109634399e-01 8.914999961853027344e-01 4.597466811537742615e-02 8.305306434631347656e-01 7.199159860610961914e-01 0.000000000000000000e+00 3.852120041847229004e-01
3.490786552429199219e-01 3.087813258171081543e-01 7.991600036621093750e-01 7.263346910476684570e-01 7.590720057487487793e-01 6.809493303298950195e-01 3.372760117053985596e-01
8.927586674690246582e-01 7.382533550262451172e-01 3.029280006885528564e-01 7.164333462715148926e-01 6.409800052642822266e-01 3.376919925212860107e-01 9.565133452415466309e-01
5.699533224105834961e-01 9.905599951744079590e-01 9.350573420524597168e-01 2.349266707897186279e-01 0.000000000000000000e+00 2.853253185749053955e-01 7.575640082359313965e-01
5.410253405570983887e-01 8.131493330001831055e-01 7.174573540687561035e-01 3.015359938144683838e-01 2.767306566238403320e-01 3.469933271408081055e-01 6.649146676063537598e-01
9.214640259742736816e-01 6.817573308944702148e-01 9.002919793128967285e-01 6.960706710815429688e-01 9.836493134498596191e-01 5.897253155708312988e-01 9.682840108871459961e-01
9.328413605690002441e-01 5.287600159645080566e-01 1.642919927835464478e-01 4.595919847488403320e-01 9.659600257873535156e-01 7.210853099822998047e-01 9.324319958686828613e-01
0.000000000000000000e+00 0.000000000000000000e+00 7.308253049850463867e-01 1.789199933409690857e-02 6.095560193061828613e-01 5.053920149803161621e-01 6.591773033142089844e-01
2.996799945831298828e-01 6.942226886749267578e-01 2.446800023317337036e-01 4.766146540641784668e-01 2.169053256511688232e-01 3.428080081939697266e-01 5.763453245162963867e-01
8.918773531913757324e-01 7.171186804771423340e-01 7.512919902801513672e-01 8.456426858901977539e-01 8.422986865043640137e-01 3.952866792678833008e-01 9.368386864662170410e-01
7.896000146865844727e-01 7.642586827278137207e-01 5.663480162620544434e-01 1.000000000000000000e+00 0.000000000000000000e+00 5.576586723327636719e-01 1.786013394594192505e-01
7.868000268936157227e-01 7.775933146476745605e-01 3.699760138988494873e-01 2.968693375587463379e-01 7.762266397476196289e-01 4.202466607093811035e-01 7.845320105552673340e-01
9.258506894111633301e-01 7.344080209732055664e-01 4.334386587142944336e-01 4.416906535625457764e-01 8.928786516189575195e-01 2.285960018634796143e-01 5.074759721755981445e-01
6.117253303527832031e-01 8.894746899604797363e-01 2.672919929027557373e-01 4.617466777563095093e-02 5.183333158493041992e-01 4.600079953670501709e-01 7.420346736907958984e-01
6.159039735794067383e-01 5.307106375694274902e-01 4.989453256130218506e-01 5.623346567153930664e-01 4.628586769104003906e-01 7.657373547554016113e-01 2.572853267192840576e-01
5.472866892814636230e-01 3.810879886150360107e-01 1.481773257255554199e-01 3.477919995784759521e-01 5.772280097007751465e-01 4.248400032520294189e-02 3.307679891586303711e-01
2.231453359127044678e-01 4.967626631259918213e-01 1.000000000000000000e+00 6.424480080604553223e-01 4.597386717796325684e-01 5.611226558685302734e-01 3.274493217468261719e-01
3.707693219184875488e-01 3.343866765499114990e-01 1.952133327722549438e-01 3.169413208961486816e-01 1.155999973416328430e-01 4.467586576938629150e-01 6.552132964134216309e-02
4.713106751441955566e-01 4.761813282966613770e-01 7.900173068046569824e-01 7.870293259620666504e-01 3.470759987831115723e-01 6.781319975852966309e-01 2.120493352413177490e-01
3.993119895458221436e-01 9.251506924629211426e-01 7.462133169174194336e-01 5.984879732131958008e-01 2.014093399047851562e-01 1.000000000000000000e+00 7.770146727561950684e-01
4.335546791553497314e-01 6.918119788169860840e-01 3.190439939498901367e-01 4.092479944229125977e-01 5.909079909324645996e-01 4.345306754112243652e-01 6.829546689987182617e-01
8.922373056411743164e-01 8.107466697692871094e-01 5.607973337173461914e-01 7.167746424674987793e-01 4.102226793766021729e-01 1.073386669158935547e-01 8.430106639862060547e-01
5.731533169746398926e-01 9.680013060569763184e-01 7.535493373870849609e-01 1.146933343261480331e-02 8.238559961318969727e-01 8.877199888229370117e-02 4.836466610431671143e-01
3.019333183765411377e-01 3.373493254184722900e-01 5.528839826583862305e-01 2.143146693706512451e-01 7.887893319129943848e-01 1.939533352851867676e-01 7.964400053024291992e-01
8.128399848937988281e-01 5.355973243713378906e-01 3.387173414230346680e-01 7.252759933471679688e-01 5.723519921302795410e-01 2.369319945573806763e-01 7.580666542053222656e-01
3.348053395748138428e-01 3.140746653079986572e-01 6.236400008201599121e-01 2.595546543598175049e-01 7.446613311767578125e-01 2.109546661376953125e-01 7.181813120841979980e-01
8.764759898185729980e-01 5.067066550254821777e-01 3.887600079178810120e-02 6.106413602828979492e-01 0.000000000000000000e+00 2.488706707954406738e-01 6.778560280799865723e-01
7.530253529548645020e-01 5.294253230094909668e-01 2.134680002927780151e-01 3.428533375263214111e-01 8.535533547401428223e-01 1.037813350558280945e-01 5.528826713562011719e-01
7.947013378143310547e-01 4.293786585330963135e-01 4.889239966869354248e-01 5.114133358001708984e-01 7.090866565704345703e-01 3.375453352928161621e-01 4.776413440704345703e-01
4.848000109195709229e-01 1.413840055465698242e-01 1.931079924106597900e-01 7.903800010681152344e-01 9.177079796791076660e-01 6.789693236351013184e-01 7.719013094902038574e-01
1.040133312344551086e-01 8.828200101852416992e-01 6.631159782409667969e-01 9.286400079727172852e-01 7.481186389923095703e-01 7.749333381652832031e-01 2.338986694812774658e-01
0.000000000000000000e+00 7.058839797973632812e-01 7.306119799613952637e-01 4.110453426837921143e-01 1.739986687898635864e-01 5.125653147697448730e-01 1.246226653456687927e-01
8.612520098686218262e-01 8.395613431930541992e-01 6.020479798316955566e-01 5.672413110733032227e-01 4.610186517238616943e-01 5.380280017852783203e-01 5.471320152282714844e-01
7.813720107078552246e-01 6.188106536865234375e-01 3.586133420467376709e-01 8.652893304824829102e-01 3.901520073413848877e-01 4.595466554164886475e-01 2.808906733989715576e-01
4.487479925155639648e-01 3.793173432350158691e-01 8.923360109329223633e-01 5.251240134239196777e-01 6.051560044288635254e-01 6.288999915122985840e-01 3.401626646518707275e-01
7.258399724960327148e-01 5.727666616439819336e-01 7.860173583030700684e-01 5.626333355903625488e-01 1.943520009517669678e-01 1.000000000000000000e+00 0.000000000000000000e+00
6.179440021514892578e-01 8.293373584747314453e-01 9.252613186836242676e-01 5.876093506813049316e-01 5.981173515319824219e-01 6.479079723358154297e-01 6.729319691658020020e-01
4.322106540203094482e-01 7.316933274269104004e-01 5.288026928901672363e-01 5.761693120002746582e-01 1.923960000276565552e-01 1.336839944124221802e-01 1.255253404378890991e-01
3.244306743144989014e-01 3.019466698169708252e-01 1.783573329448699951e-01 2.667146623134613037e-01 9.531199932098388672e-02 4.385106563568115234e-01 5.834399908781051636e-02
6.738240122795104980e-01 4.683573246002197266e-01 9.319133162498474121e-01 5.287013053894042969e-01 4.939893186092376709e-01 6.695479750633239746e-01 3.961893320083618164e-01
0.000000000000000000e+00 4.017040133476257324e-01 2.194080054759979248e-01 5.308626890182495117e-01 9.507493376731872559e-01 3.044799864292144775e-01 9.706146717071533203e-01
7.416279911994934082e-01 4.284040033817291260e-01 1.631439924240112305e-01 6.614093184471130371e-01 2.581106722354888916e-01 4.618479907512664795e-01 2.196653336286544800e-01
9.181786775588989258e-01 9.428466558456420898e-01 4.713546633720397949e-01 5.050560235977172852e-01 9.357706904411315918e-01 5.765333399176597595e-02 9.369400143623352051e-01
6.542413234710693359e-01 2.435826659202575684e-01 2.064866721630096436e-01 6.389999985694885254e-01 7.038573026657104492e-01 3.725453317165374756e-01 5.359946489334106445e-01
0.000000000000000000e+00 8.370946645736694336e-01 1.174520030617713928e-01 8.791466802358627319e-02 0.000000000000000000e+00 4.110666457563638687e-03 1.149720028042793274e-01
6.921306848526000977e-01 9.620399773120880127e-02 1.889266669750213623e-01 9.389253258705139160e-01 1.970173269510269165e-01 7.259946465492248535e-01 5.014933347702026367e-01
3.098466694355010986e-01 6.782213449478149414e-01 2.240746617317199707e-01 4.168826639652252197e-01 2.303359955549240112e-01 2.829933464527130127e-01 5.920053124427795410e-01
6.685079932212829590e-01 0.000000000000000000e+00 2.708519995212554932e-01 8.809400200843811035e-01 4.700079858303070068e-01 2.520720064640045166e-01 5.241253376007080078e-01
8.298973441123962402e-01 7.144439816474914551e-01 3.446373343467712402e-01 8.463879823684692383e-01 6.247226595878601074e-01 5.938666462898254395e-01 5.702160000801086426e-01
6.335279941558837891e-01 8.904013037681579590e-01 6.467253565788269043e-01 8.441786766052246094e-01 8.607559800148010254e-01 1.512626707553863525e-01 1.000000000000000000e+00
4.088466763496398926e-01 7.816079854965209961e-01 9.166200160980224609e-01 6.258000135421752930e-01 0.000000000000000000e+00 1.206853315234184265e-01 5.062000080943107605e-02
4.570760130882263184e-01 5.076799988746643066e-01 7.015960216522216797e-01 2.647426724433898926e-01 7.433626651763916016e-01 2.857013344764709473e-01 8.803506493568420410e-01
2.847693264484405518e-01 7.377373576164245605e-01 8.521306514739990234e-01 5.533760190010070801e-01 2.161799967288970947e-01 8.938506841659545898e-01 2.923800051212310791e-01
8.706853389739990234e-01 5.392053127288818359e-01 2.769866585731506348e-02 6.556959748268127441e-01 1.000000000000000000e+00 4.909799993038177490e-01 9.090240001678466797e-01
4.230613410472869873e-01 6.278453469276428223e-01 2.341466695070266724e-01 4.219586551189422607e-01 5.812746882438659668e-01 6.030693054199218750e-01 6.542173027992248535e-01
0.000000000000000000e+00 9.529173374176025391e-01 5.952226519584655762e-01 3.242106735706329346e-01 0.000000000000000000e+00 3.572133183479309082e-02 8.789866417646408081e-02
2.230626642704010010e-01 6.729586720466613770e-01 4.851959943771362305e-01 5.170840024948120117e-01 5.372480154037475586e-01 8.934186697006225586e-01 4.369213283061981201e-01
4.918200075626373291e-01 0.000000000000000000e+00 8.356093168258666992e-01 5.704906582832336426e-01 3.889040052890777588e-01 3.805906772613525391e-01 7.985866665840148926e-01
5.955560207366943359e-01 3.399853408336639404e-01 1.857386678457260132e-01 4.902346730232238770e-01 6.173826456069946289e-01 2.668933272361755371e-01 2.634306550025939941e-01
4.222199916839599609e-01 2.681106626987457275e-01 8.424466848373413086e-01 2.838573455810546875e-01 6.593120098114013672e-01 2.730639874935150146e-01 1.982280015945434570e-01
3.642906546592712402e-01 3.876533210277557373e-01 3.499200046062469482e-01 3.185133337974548340e-01 2.286226600408554077e-01 2.471533268690109253e-01 1.353053301572799683e-01
1.000000000000000000e+00 8.979679942131042480e-01 7.228693366050720215e-01 8.916066884994506836e-01 0.000000000000000000e+00 7.602120041847229004e-01 7.409466803073883057e-02
9.032480120658874512e-01 1.400333344936370850e-01 8.111893534660339355e-01 7.608133554458618164e-01 9.670040011405944824e-01 7.417613267898559570e-01 9.465320110321044922e-01
0.000000000000000000e+00 8.658693432807922363e-01 7.339986562728881836e-01 6.390640139579772949e-01 9.426666423678398132e-03 0.000000000000000000e+00 5.579400062561035156e-01
1.905973255634307861e-01 1.121106669306755066e-01 2.621626555919647217e-01 6.272959709167480469e-01 8.102093338966369629e-01 6.831093430519104004e-01 5.092866420745849609e-01
0.000000000000000000e+00 2.763119935989379883e-01 2.419293373823165894e-01 4.405453205108642578e-01 9.557306766510009766e-01 2.533000111579895020e-01 9.644719958305358887e-01
1.447773277759552002e-01 6.522866487503051758e-01 6.978693604469299316e-01 8.387546539306640625e-01 6.316346526145935059e-01 5.668826699256896973e-01 2.117293328046798706e-01
7.811266779899597168e-01 8.995333313941955566e-01 6.227986812591552734e-01 8.606666922569274902e-01 9.362626671791076660e-01 2.026653289794921875e-01 1.000000000000000000e+00
1.000000000000000000e+00 4.642679989337921143e-01 2.912519872188568115e-01 7.473120093345642090e-01 6.512519717216491699e-01 3.570480048656463623e-01 9.190986752510070801e-01
5.993226766586303711e-01 4.887839853763580322e-01 7.027519941329956055e-01 7.074133157730102539e-01 4.392879903316497803e-01 6.764533519744873047e-01 2.783800065517425537e-01
8.051773309707641602e-01 7.625266909599304199e-01 2.653560042381286621e-01 2.840386629104614258e-01 5.483053326606750488e-01 6.516346931457519531e-01 6.857240200042724609e-01
6.018946766853332520e-01 6.202933192253112793e-01 4.593319892883300781e-01 4.717173278331756592e-01 4.298533201217651367e-01 5.846693515777587891e-01 1.537226736545562744e-01
4.995813369750976562e-01 6.278146505355834961e-01 5.347946882247924805e-01 4.670893251895904541e-01 4.440613389015197754e-01 4.576680064201354980e-01 7.594053149223327637e-01
7.619866728782653809e-01 3.555586636066436768e-01 7.364786863327026367e-01 5.432479977607727051e-01 6.310973167419433594e-01 7.796880006790161133e-01 3.081173300743103027e-01
5.482973456382751465e-01 6.374880075454711914e-01 4.885053336620330811e-01 4.844386577606201172e-01 2.782493233680725098e-01 5.704106688499450684e-01 3.311333358287811279e-01
7.450039982795715332e-01 6.392226815223693848e-01 1.000000000000000000e+00 5.381360054016113281e-01 5.580679774284362793e-01 1.000000000000000000e+00 6.885560154914855957e-01
8.957199752330780029e-02 1.386093348264694214e-01 2.494000047445297241e-01 3.783133327960968018e-01 0.000000000000000000e+00 0.000000000000000000e+00 1.118693351745605469e-01
0.000000000000000000e+00 0.000000000000000000e+00 2.671799957752227783e-01 1.812453269958496094e-01 9.377093315124511719e-01 4.742186665534973145e-01 7.578066587448120117e-01
2.807866632938385010e-01 3.474400043487548828e-01 5.408239960670471191e-01 2.250213325023651123e-01 7.481546401977539062e-01 1.625746637582778931e-01 7.574279904365539551e-01
7.693533301353454590e-01 8.697933554649353027e-01 4.630026519298553467e-01 2.876079976558685303e-01 4.420773386955261230e-01 8.127026557922363281e-01 6.932746767997741699e-01
5.541386604309082031e-01 7.735506892204284668e-01 1.000000000000000000e+00 8.090839982032775879e-01 3.188279867172241211e-01 5.838906764984130859e-01 1.275639981031417847e-01
1.000000000000000000e+00 7.002800107002258301e-01 1.434066593647003174e-01 1.837293356657028198e-01 1.000000000000000000e+00 2.337120026350021362e-01 3.297039866447448730e-01
5.869466662406921387e-01 7.867133021354675293e-01 4.262186586856842041e-01 4.806559979915618896e-01 0.000000000000000000e+00 3.808706700801849365e-01 8.199186921119689941e-01
7.749626636505126953e-01 7.501133084297180176e-01 2.768279910087585449e-01 2.853533327579498291e-01 3.889546692371368408e-01 6.470293402671813965e-01 6.489106416702270508e-01
4.568026661872863770e-01 7.379093170166015625e-01 3.725866675376892090e-01 7.083479762077331543e-01 3.012399971485137939e-01 4.945159852504730225e-01 5.032479763031005859e-01
8.422813415527343750e-01 6.291746497154235840e-01 2.948813438415527344e-01 5.694453120231628418e-01 7.744293212890625000e-01 3.856573402881622314e-01 4.057333469390869141e-01
0.000000000000000000e+00 6.672986745834350586e-01 7.215013504028320312e-01 4.139493405818939209e-01 2.194879949092864990e-01 4.993426799774169922e-01 1.735546588897705078e-01
0.000000000000000000e+00 3.477306663990020752e-01 1.328626722097396851e-01 9.047613143920898438e-01 6.961439847946166992e-01 4.458893239498138428e-01 5.920760035514831543e-01
7.269466519355773926e-01 9.025920033454895020e-01 8.087706565856933594e-01 5.744360089302062988e-01 0.000000000000000000e+00 5.585093498229980469e-01 2.931066602468490601e-02
7.848346829414367676e-01 4.183066785335540771e-01 4.217226803302764893e-01 8.353279829025268555e-01 4.188480079174041748e-01 5.015159845352172852e-01 2.686960101127624512e-01
7.107173204421997070e-01 7.950786352157592773e-01 6.171066761016845703e-01 7.675120234489440918e-01 0.000000000000000000e+00 1.224586665630340576e-01 1.223239973187446594e-01
8.860613107681274414e-01 5.036039948463439941e-01 8.716853260993957520e-01 5.886560082435607910e-01 8.907986879348754883e-01 6.940919756889343262e-01 6.290413141250610352e-01
2.990586757659912109e-01 6.764186620712280273e-01 8.202653527259826660e-01 4.690360128879547119e-01 2.380653321743011475e-01 8.635039925575256348e-01 3.181439936161041260e-01
1.000000000000000000e+00 3.541146516799926758e-01 4.809093177318572998e-01 8.863546848297119141e-01 3.179773390293121338e-01 7.756440043449401855e-01 6.453493237495422363e-01
8.223293423652648926e-01 2.844159901142120361e-01 2.297919988632202148e-01 7.349133491516113281e-01 6.027986407279968262e-01 4.575639963150024414e-01 4.534226655960083008e-01
5.741746425628662109e-01 9.622880220413208008e-01 7.599946856498718262e-01 1.153200026601552963e-02 8.117240071296691895e-01 1.072880029678344727e-01 4.934160113334655762e-01
6.620479822158813477e-01 7.722400128841400146e-02 2.332973331212997437e-01 9.085293412208557129e-01 2.799373269081115723e-01 6.800879836082458496e-01 4.746826589107513428e-01
3.878413438796997070e-01 6.093586683273315430e-01 9.071506857872009277e-01 4.132146537303924561e-01 0.000000000000000000e+00 1.990413367748260498e-01 7.375879883766174316e-01
1.801773309707641602e-01 8.530399948358535767e-02 4.651653468608856201e-01 4.581626653671264648e-01 2.107519954442977905e-01 2.612306773662567139e-01 3.250933438539505005e-02
0.000000000000000000e+00 9.998279809951782227e-01 7.411186695098876953e-01 9.954680204391479492e-01 0.000000000000000000e+00 8.468880057334899902e-01 2.999999851454049349e-04
3.956026732921600342e-01 6.493840217590332031e-01 1.000000000000000000e+00 1.658946722745895386e-01 4.349600076675415039e-01 1.000000000000000000e+00 6.577799916267395020e-01
7.489053606986999512e-01 6.316199898719787598e-01 1.917506605386734009e-01 5.073666572570800781e-01 4.586013257503509521e-01 8.821213245391845703e-01 3.684066534042358398e-01
3.504386544227600098e-01 8.077239990234375000e-01 1.681373268365859985e-01 8.153399825096130371e-01 8.999293446540832520e-01 1.000000000000000000e+00 8.973133563995361328e-01
8.241826891899108887e-01 5.822399854660034180e-01 4.016933441162109375e-01 2.986333370208740234e-01 0.000000000000000000e+00 5.438799858093261719e-01 9.610532969236373901e-02
2.381186634302139282e-01 2.631480097770690918e-01 7.451239824295043945e-01 2.493946701288223267e-01 0.000000000000000000e+00 1.000000000000000000e+00 2.855853438377380371e-01
0.000000000000000000e+00 6.652359962463378906e-01 1.957679986953735352e-01 2.578719854354858398e-01 1.336373388767242432e-01 2.615186572074890137e-01 2.262826710939407349e-01
4.329666793346405029e-01 7.021986842155456543e-01 4.983359873294830322e-01 5.404653549194335938e-01 1.857093274593353271e-01 8.233466744422912598e-02 1.001639962196350098e-01
5.669879913330078125e-01 0.000000000000000000e+00 8.053453564643859863e-01 4.117600023746490479e-01 5.329973101615905762e-01 3.369226753711700439e-01 1.455959975719451904e-01
8.498413562774658203e-01 4.503773450851440430e-01 3.822013437747955322e-01 3.805893361568450928e-01 4.286760091781616211e-01 4.602853357791900635e-01 7.848466634750366211e-01
1.000000000000000000e+00 9.913413524627685547e-01 7.889973521232604980e-01 1.699906736612319946e-01 4.926453232765197754e-01 8.434720039367675781e-01 9.038373231887817383e-01
8.627133369445800781e-01 6.524760127067565918e-01 2.018973380327224731e-01 7.336360216140747070e-01 2.689133286476135254e-01 5.709319710731506348e-01 9.708666801452636719e-02
6.790853142738342285e-01 9.922066926956176758e-01 3.662000000476837158e-01 3.689200058579444885e-02 9.663599729537963867e-01 1.043640002608299255e-01 9.093986749649047852e-01
0.000000000000000000e+00 8.577853441238403320e-01 5.331653356552124023e-01 5.320586562156677246e-01 2.560999989509582520e-01 2.141413390636444092e-01 1.149720028042793274e-01
6.736973524093627930e-01 6.977000236511230469e-01 6.730906367301940918e-01 5.692066550254821777e-01 4.741413295269012451e-01 3.256999850273132324e-01 7.217306494712829590e-01
6.043866649270057678e-02 5.590626597404479980e-01 7.886346578598022461e-01 4.079413414001464844e-01 8.341293334960937500e-01 7.628319859504699707e-01 1.419986635446548462e-01
0.000000000000000000e+00 4.739359915256500244e-01 7.006480097770690918e-01 5.981559753417968750e-01 5.186293125152587891e-01 6.330733299255371094e-01 3.962906599044799805e-01
1.000000000000000000e+00 8.332773447036743164e-01 7.095879912376403809e-01 9.393799901008605957e-01 7.391413450241088867e-01 5.180266499519348145e-01 1.000000000000000000e+00
4.356906712055206299e-01 2.756306529045104980e-01 8.395333290100097656e-01 3.175359964370727539e-01 6.321973204612731934e-01 2.231746613979339600e-01 1.793746650218963623e-01
6.300146579742431641e-01 6.356026530265808105e-01 2.515439987182617188e-01 5.896026492118835449e-01 6.326973438262939453e-01 2.642906606197357178e-01 3.165893256664276123e-01
2.732146680355072021e-01 6.580546498298645020e-01 0.000000000000000000e+00 5.331413149833679199e-01 7.776560187339782715e-01 4.207173287868499756e-01 7.567973136901855469e-01
5.369573235511779785e-01 0.000000000000000000e+00 4.284773468971252441e-01 5.480426549911499023e-01 5.821413397789001465e-01 2.673346698284149170e-01 4.497253298759460449e-01
8.704146742820739746e-01 5.940266847610473633e-01 3.018800020217895508e-01 6.729853153228759766e-01 8.267053365707397461e-01 3.424919843673706055e-01 4.029693305492401123e-01
8.869599699974060059e-01 8.541346788406372070e-01 7.305079698562622070e-01 2.886999845504760742e-01 1.516853272914886475e-01 4.661533236503601074e-01 6.702013611793518066e-01
7.650666832923889160e-01 0.000000000000000000e+00 7.503386735916137695e-01 4.552440047264099121e-01 4.634959995746612549e-01 3.536586761474609375e-01 8.725919723510742188e-01
1.000000000000000000e+00 7.679186463356018066e-01 6.146226525306701660e-01 6.304173469543457031e-01 9.097573161125183105e-01 2.253440022468566895e-01 8.210386633872985840e-01
6.736653447151184082e-01 9.272973537445068359e-01 8.541826605796813965e-01 1.509813368320465088e-01 8.639333248138427734e-01 1.584119945764541626e-01 9.060853123664855957e-01
4.450413286685943604e-01 3.366000056266784668e-01 7.362266778945922852e-01 5.555920004844665527e-01 7.225559949874877930e-01 5.627639889717102051e-01 7.044026851654052734e-01
7.063239812850952148e-01 0.000000000000000000e+00 6.072613596916198730e-01 1.792226731777191162e-01 5.762439966201782227e-01 2.335706651210784912e-01 8.443666696548461914e-01
4.818413257598876953e-01 8.182680010795593262e-01 6.675040125846862793e-01 5.145973563194274902e-01 7.813000082969665527e-01 9.186586737632751465e-01 0.000000000000000000e+00
6.736066937446594238e-01 7.651026844978332520e-01 3.650666773319244385e-01 6.608973145484924316e-01 4.051719903945922852e-01 5.453040003776550293e-01 2.887386679649353027e-01
4.258226752281188965e-01 2.275986671447753906e-01 8.255933523178100586e-01 2.579693198204040527e-01 6.745253205299377441e-01 1.695293337106704712e-01 1.514586657285690308e-01
1.129079982638359070e-01 2.291973382234573364e-01 6.810053586959838867e-01 1.811079978942871094e-01 0.000000000000000000e+00 1.000000000000000000e+00 3.378746509552001953e-01
3.995093405246734619e-01 1.003773361444473267e-01 8.711000084877014160e-01 7.250533252954483032e-02 4.826853275299072266e-01 3.826933205127716064e-01 7.130320072174072266e-01
8.205040097236633301e-01 6.230800151824951172e-01 4.262533187866210938e-01 8.614813089370727539e-01 3.962720036506652832e-01 7.570386528968811035e-01 4.700773358345031738e-01
5.043506622314453125e-01 5.761866569519042969e-01 5.159733295440673828e-01 1.000000000000000000e+00 2.297773361206054688e-01 4.882466793060302734e-01 6.468866467475891113e-01
8.217653036117553711e-01 9.995920062065124512e-01 7.721386551856994629e-01 3.734533190727233887e-01 3.891933262348175049e-01 4.152813255786895752e-01 7.748333215713500977e-01
4.274719953536987305e-01 5.690093040466308594e-01 4.153226613998413086e-01 4.270000010728836060e-02 0.000000000000000000e+00 2.924000024795532227e-01 6.683173179626464844e-01
5.371986627578735352e-01 2.617346644401550293e-01 5.984266400337219238e-01 4.318573176860809326e-01 7.545359730720520020e-01 6.430053114891052246e-01 0.000000000000000000e+00
7.597106695175170898e-01 9.531760215759277344e-01 3.238426744937896729e-01 7.195000052452087402e-01 9.475826621055603027e-01 2.088453322649002075e-01 0.000000000000000000e+00
8.119866997003555298e-02 5.657399892807006836e-01 0.000000000000000000e+00 6.776533126831054688e-01 1.519999951124191284e-01 5.808746814727783203e-01 7.274159789085388184e-01
1.000000000000000000e+00 7.875453233718872070e-01 6.690866947174072266e-01 0.000000000000000000e+00 4.432706534862518311e-01 3.719399869441986084e-01 4.667066633701324463e-01
6.600786447525024414e-01 7.428306937217712402e-01 2.344133257865905762e-01 4.798453450202941895e-01 4.947733283042907715e-01 4.875293374061584473e-01 7.269733548164367676e-01
4.008746743202209473e-01 2.282533347606658936e-01 8.376600146293640137e-01 2.793653309345245361e-01 6.690826416015625000e-01 2.733266651630401611e-01 1.791666597127914429e-01
9.264253377914428711e-01 6.948959827423095703e-01 6.395213603973388672e-01 9.149906635284423828e-01 7.341986894607543945e-01 8.038453459739685059e-01 3.530586659908294678e-01
6.300280094146728516e-01 5.589479804039001465e-01 6.601826548576354980e-01 5.911560058593750000e-01 4.173093438148498535e-01 2.006693333387374878e-01 2.467653304338455200e-01
9.293786883354187012e-01 5.226853489875793457e-01 6.413599848747253418e-01 3.476400077342987061e-01 7.885733246803283691e-01 8.545613288879394531e-01 4.214013218879699707e-01
6.200946569442749023e-01 7.813546657562255859e-01 8.617266416549682617e-01 5.575133562088012695e-01 3.171600103378295898e-01 4.823519885540008545e-01 5.266426801681518555e-01
6.889226436614990234e-01 8.906946778297424316e-01 7.215146422386169434e-01 2.673573195934295654e-01 0.000000000000000000e+00 1.199546679854393005e-01 5.390093326568603516e-01
9.381960034370422363e-01 8.758533000946044922e-02 1.868200004100799561e-01 5.254533141851425171e-02 9.327733516693115234e-01 7.956346869468688965e-01 5.052040219306945801e-01
8.410986661911010742e-01 2.977946698665618896e-01 7.879973053932189941e-01 6.531493067741394043e-01 6.362986564636230469e-01 6.743533611297607422e-01 6.976119875907897949e-01
1.000000000000000000e+00 9.207933545112609863e-01 8.402573466300964355e-01 7.836853265762329102e-01 3.594560027122497559e-01 8.139786720275878906e-01 1.126639991998672485e-01
9.116586446762084961e-01 6.784480214118957520e-01 7.198173403739929199e-01 1.654626727104187012e-01 7.093639969825744629e-01 3.713159859180450439e-01 5.197746753692626953e-01
1.855760067701339722e-01 7.479786872863769531e-01 5.858866572380065918e-01 3.976759910583496094e-01 7.182999849319458008e-01 6.760226488113403320e-01 7.082893252372741699e-01
5.748346447944641113e-01 7.769226431846618652e-01 2.256413400173187256e-01 5.909240245819091797e-01 4.373733401298522949e-01 1.000000000000000000e+00 5.666866898536682129e-01
9.007373452186584473e-01 7.570440173149108887e-01 7.282653450965881348e-01 9.002839922904968262e-01 3.340586721897125244e-01 1.339773386716842651e-01 6.170733571052551270e-01
6.030306816101074219e-01 0.000000000000000000e+00 8.493600040674209595e-02 5.310346484184265137e-01 5.825920104980468750e-01 5.752253532409667969e-01 4.762373268604278564e-01
6.185759902000427246e-01 2.592000067234039307e-01 5.988439917564392090e-01 2.006786614656448364e-01 6.190746426582336426e-01 9.431333094835281372e-02 6.507200002670288086e-01
5.453453063964843750e-01 6.729279756546020508e-01 9.294266700744628906e-01 6.352319717407226562e-01 6.676746606826782227e-01 7.792653441429138184e-01 1.272733360528945923e-01
7.679479718208312988e-01 9.243066906929016113e-01 3.702306747436523438e-01 2.972026765346527100e-01 9.065933227539062500e-01 1.224146634340286255e-01 9.275386929512023926e-01
6.176319718360900879e-01 3.090546727180480957e-01 7.483040094375610352e-01 5.519760251045227051e-01 6.251999735832214355e-01 5.174906849861145020e-01 7.979586720466613770e-01
6.119506359100341797e-01 9.644213318824768066e-01 2.432280033826828003e-01 6.464319825172424316e-01 3.486799821257591248e-02 9.101719856262207031e-01 5.860199928283691406e-01
6.855786442756652832e-01 9.617466479539871216e-02 1.913786679506301880e-01 9.263733029365539551e-01 2.231826633214950562e-01 7.915800213813781738e-01 4.260666668415069580e-01
7.832840085029602051e-01 6.700493097305297852e-01 2.967506647109985352e-01 6.680160164833068848e-01 2.120880037546157837e-01 2.201640009880065918e-01 3.243053257465362549e-01
4.895133376121520996e-01 2.710599899291992188e-01 8.913720250129699707e-01 5.132813453674316406e-01 6.368266940116882324e-01 6.510999798774719238e-01 4.030160009860992432e-01
2.984479963779449463e-01 6.864853501319885254e-01 2.150373309850692749e-01 4.323039948940277100e-01 7.052133083343505859e-01 3.579680025577545166e-01 9.595866799354553223e-01
7.685426473617553711e-01 6.431053280830383301e-01 6.492159962654113770e-01 3.653466701507568359e-01 7.547906637191772461e-01 7.073786854743957520e-01 7.561426758766174316e-01
3.878373205661773682e-01 5.142706632614135742e-01 0.000000000000000000e+00 8.912039995193481445e-01 3.390159904956817627e-01 1.329119950532913208e-01 1.776999980211257935e-01
0.000000000000000000e+00 3.396826684474945068e-01 4.677599966526031494e-01 2.627519965171813965e-01 6.643266677856445312e-01 5.619946718215942383e-01 1.243733335286378860e-02
1.000000000000000000e+00 9.925946593284606934e-01 9.758706688880920410e-01 0.000000000000000000e+00 9.097146391868591309e-01 3.329533338546752930e-01 8.322746753692626953e-01
8.461506366729736328e-01 5.340160131454467773e-01 3.557026684284210205e-01 6.451946496963500977e-01 6.933213472366333008e-01 2.652586698532104492e-01 8.441773056983947754e-01
8.230159878730773926e-01 6.787106394767761230e-01 7.968680262565612793e-01 5.347333550453186035e-01 6.611426472663879395e-01 7.884173393249511719e-01 6.371013522148132324e-01
2.712026536464691162e-01 5.839560031890869141e-01 4.849680066108703613e-01 1.200679987668991089e-01 6.752719879150390625e-01 4.949653446674346924e-01 9.060519933700561523e-01
6.269093155860900879e-01 6.684466600418090820e-01 5.680320262908935547e-01 5.181653499603271484e-01 6.680093407630920410e-01 3.056719899177551270e-01 6.310733556747436523e-01
7.847093343734741211e-01 8.751826882362365723e-01 3.285506665706634521e-01 8.819773197174072266e-01 5.434359908103942871e-01 7.217213511466979980e-01 1.179773360490798950e-01
2.654186785221099854e-01 7.724239826202392578e-01 5.537026524543762207e-01 2.195573300123214722e-01 2.475813329219818115e-01 5.257586836814880371e-01 3.602666556835174561e-01
3.524746596813201904e-01 7.911440134048461914e-01 5.870693325996398926e-01 4.265293180942535400e-01 4.658199846744537354e-01 4.616986513137817383e-01 6.238799691200256348e-01
5.450746417045593262e-01 8.801573514938354492e-01 5.771586894989013672e-01 7.928040027618408203e-01 8.330986499786376953e-01 1.575666666030883789e-01 1.000000000000000000e+00
4.427413344383239746e-01 2.253333330154418945e-01 9.042653441429138184e-01 1.244493350386619568e-01 3.113733232021331787e-01 3.646386563777923584e-01 4.663426578044891357e-01
4.888973236083984375e-01 2.100799977779388428e-01 9.069439768791198730e-01 1.036933362483978271e-01 3.568946719169616699e-01 3.402479887008666992e-01 5.319560170173645020e-01
4.943106770515441895e-01 5.994639992713928223e-01 9.195640087127685547e-01 5.928999781608581543e-01 6.626253128051757812e-01 7.484053373336791992e-01 1.054759994149208069e-01
5.841466784477233887e-01 5.558559894561767578e-01 7.508573532104492188e-01 4.561040103435516357e-01 7.444026470184326172e-01 2.135120034217834473e-01 5.864679813385009766e-01
6.651920080184936523e-01 8.900759816169738770e-01 1.000000000000000000e+00 3.344573378562927246e-01 0.000000000000000000e+00 2.046853303909301758e-01 9.217466711997985840e-01
7.563959956169128418e-01 5.600559711456298828e-01 3.266359865665435791e-01 8.137879967689514160e-01 4.576280117034912109e-01 4.182080030441284180e-01 2.835040092468261719e-01
