7.872359752655029297e-01 3.097999989986419678e-01 4.317680001258850098e-01 7.622493505477905273e-01 4.915106594562530518e-01 3.796026706695556641e-01 6.688853502273559570e-01 6.291653513908386230e-01 6.056093573570251465e-01
3.844266757369041443e-02 9.754746556282043457e-01 3.878133371472358704e-02 5.963493585586547852e-01 3.602813184261322021e-01 8.486093282699584961e-01 5.377333238720893860e-02 2.884906530380249023e-01 9.426159858703613281e-01
7.766733169555664062e-01 6.701226830482482910e-01 7.826413512229919434e-01 7.510693073272705078e-01 1.458013355731964111e-01 5.810346603393554688e-01 2.149426639080047607e-01 7.543560266494750977e-01 6.828426718711853027e-01
8.202986717224121094e-01 6.912933290004730225e-02 9.438800215721130371e-01 7.141119837760925293e-01 9.270866513252258301e-01 6.879133582115173340e-01 9.036759734153747559e-01 1.130653321743011475e-01 1.118853315711021423e-01
2.495253384113311768e-01 3.977600038051605225e-01 2.210199981927871704e-01 8.823253512382507324e-01 2.544106543064117432e-01 1.863946616649627686e-01 7.018066644668579102e-01 5.740626454353332520e-01 9.371626377105712891e-01
1.402973383665084839e-01 6.584226489067077637e-01 8.019999861717224121e-01 4.106400161981582642e-02 3.499813377857208252e-01 7.236999869346618652e-01 1.829880028963088989e-01 4.798453450202941895e-01 6.539613604545593262e-01
8.568373322486877441e-01 7.026146650314331055e-01 8.901373147964477539e-01 2.458440065383911133e-01 9.963279962539672852e-01 9.373613595962524414e-01 7.295613288879394531e-01 6.218533217906951904e-02 8.247439861297607422e-01
3.674919903278350830e-01 7.643399834632873535e-01 3.846159875392913818e-01 3.802133202552795410e-01 6.839506626129150391e-01 6.200013160705566406e-01 4.751519858837127686e-01 2.697173357009887695e-01 6.352400183677673340e-01
7.412666678428649902e-01 6.474173069000244141e-01 1.866666716523468494e-03 9.674146771430969238e-01 9.574613571166992188e-01 5.783960223197937012e-01 7.599626779556274414e-01 4.771866649389266968e-02 8.472800254821777344e-01
6.104599833488464355e-01 8.669599890708923340e-01 1.567919999361038208e-01 5.108106732368469238e-01 8.822919726371765137e-01 6.656399965286254883e-01 6.896759867668151855e-01 2.331839948892593384e-01 9.963093400001525879e-01
7.724853157997131348e-01 2.124119997024536133e-01 5.680746436119079590e-01 7.994333505630493164e-01 8.353466391563415527e-01 7.660146355628967285e-01 5.078880190849304199e-01 6.743720173835754395e-01 7.982800155878067017e-02
4.998880028724670410e-01 9.376546740531921387e-01 4.876586794853210449e-01 1.526039987802505493e-01 7.160813212394714355e-01 6.604693531990051270e-01 8.897853493690490723e-01 6.191733479499816895e-02 5.637613534927368164e-01
7.900786399841308594e-01 5.000533461570739746e-01 6.774879693984985352e-01 8.222773075103759766e-01 5.757613182067871094e-01 3.840893208980560303e-01 4.263053238391876221e-01 5.308053493499755859e-01 6.310719847679138184e-01
2.656959891319274902e-01 8.746280074119567871e-01 1.395533382892608643e-01 2.953146696090698242e-01 1.505373269319534302e-01 5.643026828765869141e-01 1.676893383264541626e-01 8.317226767539978027e-01 4.132199883460998535e-01
7.715813517570495605e-01 3.415573239326477051e-01 4.968360066413879395e-01 2.934199869632720947e-01 6.624666452407836914e-01 3.303666710853576660e-01 6.612386703491210938e-01 3.941773176193237305e-01 9.325013160705566406e-01
9.796866774559020996e-01 8.798573017120361328e-01 9.538853168487548828e-01 7.782066464424133301e-01 1.846746653318405151e-01 5.446559786796569824e-01 2.174466699361801147e-01 8.119239807128906250e-01 9.865000247955322266e-01
6.085439920425415039e-01 6.443920135498046875e-01 5.924973487854003906e-01 6.010066866874694824e-01 7.657920122146606445e-01 8.632000088691711426e-01 4.202106595039367676e-01 2.825786769390106201e-01 1.016546636819839478e-01
5.655773282051086426e-01 8.688666820526123047e-01 1.777906715869903564e-01 1.324093341827392578e-01 1.917973309755325317e-01 7.132719755172729492e-01 3.303226530551910400e-01 5.242413282394409180e-01 8.983146548271179199e-01
5.142933130264282227e-01 6.643733382225036621e-02 5.957133173942565918e-01 2.213466614484786987e-01 7.653466612100601196e-02 7.408546805381774902e-01 8.074520230293273926e-01 9.042146801948547363e-01 1.617373377084732056e-01
1.960626691579818726e-01 7.926173210144042969e-01 2.833546698093414307e-01 4.288146793842315674e-01 4.730573296546936035e-01 1.905693262815475464e-01 4.195333272218704224e-02 4.128893315792083740e-01 1.938959956169128418e-01
4.862426519393920898e-01 6.650440096855163574e-01 5.228466391563415527e-01 3.261546790599822998e-01 6.797253489494323730e-01 4.456306695938110352e-01 3.510426580905914307e-01 3.049906790256500244e-01 4.342240095138549805e-01
0.000000000000000000e+00 9.532840251922607422e-01 0.000000000000000000e+00 9.840599894523620605e-01 9.902666322886943817e-03 9.067786931991577148e-01 1.696399971842765808e-02 6.961706876754760742e-01 8.875560164451599121e-01
9.322320222854614258e-01 4.792760014533996582e-01 6.145213246345520020e-01 4.866946637630462646e-01 7.292466759681701660e-01 4.016453325748443604e-01 3.496786653995513916e-01 3.610013425350189209e-01 3.148053288459777832e-01
9.992013573646545410e-01 3.527199849486351013e-02 2.318693399429321289e-01 3.726679980754852295e-01 2.053413391113281250e-01 4.152026772499084473e-01 9.760386347770690918e-01 9.841066598892211914e-01 7.748666405677795410e-02
4.453639984130859375e-01 9.951013326644897461e-01 1.950373351573944092e-01 1.606693267822265625e-01 9.908586740493774414e-01 8.246133327484130859e-01 4.197466745972633362e-02 7.079999777488410473e-04 1.440733373165130615e-01
7.696186900138854980e-01 5.409520268440246582e-01 5.499240159988403320e-01 6.400213241577148438e-01 7.206013202667236328e-01 6.454013586044311523e-01 6.412333250045776367e-01 2.595373392105102539e-01 5.953480005264282227e-01
7.313079833984375000e-01 4.775879979133605957e-01 5.417706370353698730e-01 4.466453194618225098e-01 6.573613286018371582e-01 7.242266535758972168e-01 9.066240191459655762e-01 3.094706535339355469e-01 5.881680250167846680e-01
7.847999930381774902e-01 2.635333314538002014e-02 6.705333478748798370e-03 3.379279971122741699e-01 7.397533059120178223e-01 5.075960159301757812e-01 1.000000000000000000e+00 6.302013397216796875e-01 0.000000000000000000e+00
2.082933336496353149e-01 9.866266846656799316e-01 1.836399920284748077e-02 2.855240106582641602e-01 8.972586393356323242e-01 1.348920017480850220e-01 6.886106729507446289e-01 1.764933392405509949e-02 1.773773282766342163e-01
9.951066970825195312e-02 9.726026654243469238e-01 1.775733381509780884e-02 8.395946621894836426e-01 6.814093589782714844e-01 7.044746875762939453e-01 3.295106589794158936e-01 6.013600155711174011e-02 8.348773121833801270e-01
1.421933323144912720e-01 6.180933117866516113e-01 8.918160200119018555e-01 2.260359972715377808e-01 3.530200123786926270e-01 3.830479979515075684e-01 3.304906785488128662e-01 5.668653249740600586e-01 8.505039811134338379e-01
5.573440194129943848e-01 7.530746459960937500e-01 5.911520123481750488e-01 7.077760100364685059e-01 7.847200334072113037e-02 4.389186799526214600e-01 6.478786468505859375e-01 7.850679755210876465e-01 4.837693274021148682e-01
8.969320058822631836e-01 4.777159988880157471e-01 1.076533347368240356e-01 9.987293481826782227e-01 9.700653553009033203e-01 6.152560114860534668e-01 9.879386425018310547e-01 7.907599955797195435e-02 9.456413388252258301e-01
2.196706682443618774e-01 6.714026927947998047e-01 1.265173256397247314e-01 4.308106601238250732e-01 5.683266520500183105e-01 2.232453376054763794e-01 3.292066752910614014e-01 5.737893581390380859e-01 4.171839952468872070e-01
6.174319982528686523e-01 4.163120090961456299e-01 3.300346732139587402e-01 6.310999989509582520e-01 3.894706666469573975e-01 4.058373272418975830e-01 7.232386469841003418e-01 6.672599911689758301e-01 5.741186738014221191e-01
5.528133511543273926e-01 7.816933393478393555e-01 0.000000000000000000e+00 9.022733569145202637e-01 8.348253369331359863e-01 1.879999996162950993e-03 9.110493063926696777e-01 7.756839990615844727e-01 9.995679855346679688e-01
2.158893346786499023e-01 4.006679952144622803e-01 5.220626592636108398e-01 3.031240105628967285e-01 2.159813344478607178e-01 5.949159860610961914e-01 3.367199897766113281e-01 7.470506429672241211e-01 2.488719969987869263e-01
4.644413292407989502e-01 8.253800272941589355e-01 8.911866694688796997e-02 5.848026871681213379e-01 5.474293231964111328e-01 3.229306638240814209e-01 2.973226606845855713e-01 5.452119708061218262e-01 9.848626852035522461e-01
5.217146873474121094e-01 9.138693213462829590e-01 1.877759993076324463e-01 5.150466561317443848e-01 2.416239976882934570e-01 2.829133272171020508e-01 4.555213451385498047e-01 4.112293422222137451e-01 3.518813252449035645e-01
2.781519889831542969e-01 6.229853034019470215e-01 3.605279922485351562e-01 9.465813040733337402e-01 3.843919932842254639e-01 8.652666956186294556e-02 9.581973552703857422e-01 2.134266644716262817e-01 9.245039820671081543e-01
3.179693222045898438e-01 6.376640200614929199e-01 8.903826475143432617e-01 1.878719925880432129e-01 6.178533285856246948e-02 5.646906495094299316e-01 6.201466545462608337e-02 8.588706851005554199e-01 5.958333611488342285e-01
7.048199772834777832e-01 7.691479921340942383e-01 2.033693343400955200e-01 4.123026728630065918e-01 9.918053150177001953e-01 1.333200037479400635e-01 8.280053138732910156e-01 1.371186673641204834e-01 3.638186752796173096e-01
3.484800085425376892e-02 2.354733347892761230e-01 9.496693015098571777e-01 2.184080034494400024e-01 2.025333233177661896e-03 5.763026475906372070e-01 5.275733396410942078e-02 9.471213221549987793e-01 9.816226363182067871e-01
6.175226569175720215e-01 7.765560150146484375e-01 2.910466790199279785e-01 7.552653551101684570e-01 6.994640231132507324e-01 7.188906669616699219e-01 5.375293493270874023e-01 2.353546619415283203e-01 7.584493160247802734e-01
3.893280029296875000e-01 5.207319855690002441e-01 1.403719931840896606e-01 8.754599690437316895e-01 3.884853422641754150e-01 3.641306757926940918e-01 3.995293378829956055e-01 6.999546885490417480e-01 8.783333301544189453e-01
1.258440017700195312e-01 4.248346686363220215e-01 9.551386833190917969e-01 1.163573339581489563e-01 3.767599910497665405e-02 2.584480047225952148e-01 1.383599936962127686e-01 8.740493059158325195e-01 5.081239938735961914e-01
6.441266536712646484e-01 7.210586667060852051e-01 4.276280105113983154e-01 2.150679975748062134e-01 7.932133078575134277e-01 5.580199956893920898e-01 6.828839778900146484e-01 2.256426662206649780e-01 4.151520133018493652e-01
4.786559939384460449e-01 3.732999861240386963e-01 4.208106696605682373e-01 6.390759944915771484e-01 4.314399957656860352e-01 4.233919978141784668e-01 4.857813417911529541e-01 5.657573342323303223e-01 5.382093191146850586e-01
4.170973300933837891e-01 3.081906735897064209e-01 7.425733208656311035e-01 2.170359939336776733e-01 4.003306627273559570e-01 2.349079996347427368e-01 4.193933308124542236e-01 5.635039806365966797e-01 3.108813464641571045e-01
0.000000000000000000e+00 9.223573207855224609e-01 1.221066620200872421e-02 9.408533573150634766e-01 2.994666574522852898e-03 6.303520202636718750e-01 8.935999870300292969e-02 7.574586868286132812e-01 1.967946588993072510e-01
3.280133306980133057e-01 7.804986834526062012e-01 3.572653234004974365e-01 4.064186513423919678e-01 5.605973601341247559e-01 1.699613332748413086e-01 6.852533668279647827e-02 4.607533216476440430e-01 1.986239999532699585e-01
2.357919961214065552e-01 7.083466649055480957e-02 1.937039941549301147e-01 9.972999691963195801e-01 6.357333064079284668e-02 3.452360033988952637e-01 9.984466433525085449e-01 7.069213390350341797e-01 8.497093319892883301e-01
3.999999910593032837e-02 4.659746587276458740e-01 5.161106586456298828e-01 2.042173296213150024e-01 1.630959957838058472e-01 2.705066800117492676e-01 1.521706730127334595e-01 8.071986436843872070e-01 4.240813255310058594e-01
1.000000000000000000e+00 3.921279907226562500e-01 9.999866485595703125e-01 1.990933269262313843e-01 9.454640150070190430e-01 8.383679986000061035e-01 9.256839752197265625e-01 7.297733426094055176e-02 2.886613309383392334e-01
2.405093312263488770e-01 8.664626479148864746e-01 2.361239939928054810e-01 3.010733425617218018e-01 7.878933548927307129e-01 4.365986585617065430e-01 5.919173359870910645e-01 1.389719992876052856e-01 3.468173444271087646e-01
7.720199823379516602e-01 7.204146385192871094e-01 4.316973388195037842e-01 7.177146673202514648e-01 7.830133438110351562e-01 2.687613368034362793e-01 6.504813432693481445e-01 2.014653384685516357e-01 7.557933330535888672e-01
8.851199746131896973e-01 2.822000086307525635e-01 7.027933597564697266e-01 4.575386643409729004e-01 6.357560157775878906e-01 3.051653206348419189e-01 6.319866776466369629e-01 4.296360015869140625e-01 2.148959934711456299e-01
5.329893231391906738e-01 9.410826563835144043e-01 6.422399729490280151e-02 4.261879920959472656e-01 9.449573159217834473e-01 5.250399708747863770e-01 5.494920015335083008e-01 1.793653368949890137e-01 4.581626653671264648e-01
4.561226665973663330e-01 2.096640020608901978e-01 8.064613342285156250e-01 4.771986603736877441e-01 6.705293059349060059e-01 5.024639964103698730e-01 6.556626558303833008e-01 4.496493339538574219e-01 6.228786706924438477e-01
9.303906559944152832e-01 9.397013187408447266e-01 8.001853227615356445e-01 1.327546685934066772e-01 2.910706698894500732e-01 5.444226861000061035e-01 2.506400048732757568e-01 6.413919925689697266e-01 8.951986432075500488e-01
6.385866403579711914e-01 5.152453184127807617e-01 4.480413198471069336e-01 9.468413591384887695e-01 3.927693367004394531e-01 5.698199868202209473e-01 6.505333185195922852e-01 6.493999958038330078e-01 9.448413252830505371e-01
4.776439964771270752e-01 7.697106599807739258e-01 1.956426650285720825e-01 7.877773046493530273e-01 6.350746750831604004e-01 5.039013028144836426e-01 1.753533333539962769e-01 3.863719999790191650e-01 7.315346598625183105e-01
5.050626397132873535e-01 1.932480037212371826e-01 7.149253487586975098e-01 5.210319757461547852e-01 5.991626381874084473e-01 4.226506650447845459e-01 5.690106749534606934e-01 4.779933393001556396e-01 2.091386616230010986e-01
4.723613262176513672e-01 5.926520228385925293e-01 2.437999993562698364e-01 8.477320075035095215e-01 3.517506718635559082e-01 7.274613380432128906e-01 4.116546511650085449e-01 6.219826936721801758e-01 7.294226884841918945e-01
3.433106541633605957e-01 8.266040086746215820e-01 2.478293329477310181e-01 8.215306401252746582e-01 4.704933464527130127e-01 6.449706554412841797e-01 4.664973318576812744e-01 3.338559865951538086e-01 9.654173254966735840e-01
5.918573141098022461e-01 1.885466724634170532e-01 7.057693600654602051e-01 5.388026833534240723e-01 2.706373333930969238e-01 6.463813185691833496e-01 4.869186580181121826e-01 7.346333265304565430e-01 4.852146506309509277e-01
1.782853305339813232e-01 7.813346385955810547e-01 4.713760018348693848e-01 5.180559754371643066e-01 3.498359918594360352e-01 5.652053356170654297e-01 2.658520042896270752e-01 4.355093240737915039e-01 9.095706939697265625e-01
4.006786644458770752e-01 3.244560062885284424e-01 6.049493551254272461e-01 3.751640021800994873e-01 3.740839958190917969e-01 5.917186737060546875e-01 4.055559933185577393e-01 6.116013526916503906e-01 3.998306691646575928e-01
8.244933485984802246e-01 3.888239860534667969e-01 9.168746471405029297e-01 3.747466579079627991e-02 8.890493512153625488e-01 2.296946644783020020e-01 6.182386875152587891e-01 1.293626725673675537e-01 8.805186748504638672e-01
5.612480044364929199e-01 5.583093166351318359e-01 4.979586601257324219e-01 4.036839902400970459e-01 6.828159689903259277e-01 7.165520191192626953e-01 5.204146504402160645e-01 2.986240088939666748e-01 9.534493088722229004e-01
3.477133214473724365e-01 5.114880204200744629e-01 2.818279862403869629e-01 7.290679812431335449e-01 2.456599920988082886e-01 5.730333328247070312e-01 4.204093217849731445e-01 7.075039744377136230e-01 2.066786587238311768e-01
1.547506600618362427e-01 1.492400001734495163e-02 1.653359979391098022e-01 8.674906492233276367e-01 5.832133442163467407e-02 5.153626799583435059e-01 7.178346514701843262e-01 9.027599692344665527e-01 1.939066648483276367e-01
7.134933471679687500e-01 5.388626456260681152e-01 2.304013371467590332e-01 9.232146739959716797e-01 4.994626641273498535e-01 4.586773216724395752e-01 4.850133359432220459e-01 4.391506612300872803e-01 4.394626617431640625e-01
6.366186738014221191e-01 1.060733348131179810e-01 2.516120076179504395e-01 8.779106736183166504e-01 3.005413413047790527e-01 2.371159940958023071e-01 5.859400033950805664e-01 9.622626900672912598e-01 7.353600263595581055e-01
1.223653331398963928e-01 3.342213332653045654e-01 7.974879741668701172e-01 2.593879997730255127e-01 8.267466723918914795e-02 3.120133280754089355e-02 1.676146686077117920e-01 9.559999704360961914e-01 6.418413519859313965e-01
7.523559927940368652e-01 3.444133326411247253e-02 7.458559870719909668e-01 9.912133216857910156e-01 2.152800001204013824e-02 6.974466443061828613e-01 9.374626874923706055e-01 9.832093119621276855e-01 7.758266925811767578e-01
1.483706682920455933e-01 9.832839965820312500e-01 8.093332871794700623e-03 7.085253596305847168e-01 8.664413094520568848e-01 2.212853282690048218e-01 1.068319976329803467e-01 1.131986677646636963e-01 9.999493360519409180e-01
9.597746729850769043e-01 7.059373259544372559e-01 8.854346871376037598e-01 6.425986886024475098e-01 8.691560029983520508e-01 2.910799980163574219e-01 4.549746513366699219e-01 1.413186639547348022e-01 7.890653610229492188e-01
9.667213559150695801e-01 8.907880187034606934e-01 2.045093327760696411e-01 7.793706655502319336e-01 9.586826562881469727e-01 4.493746757507324219e-01 9.334599971771240234e-01 1.106773316860198975e-01 8.686760067939758301e-01
3.100079894065856934e-01 7.997733354568481445e-01 1.570146679878234863e-01 8.267373442649841309e-01 3.150239884853363037e-01 6.792613267898559570e-01 5.020013451576232910e-01 5.862506628036499023e-01 8.202413320541381836e-01
4.454173445701599121e-01 1.558973342180252075e-01 4.279146790504455566e-01 6.481093168258666992e-01 5.903400182723999023e-01 4.478373229503631592e-01 6.750533580780029297e-01 7.208853363990783691e-01 8.565880060195922852e-01
6.256719827651977539e-01 1.841133385896682739e-01 8.967413306236267090e-01 5.295013189315795898e-01 8.296933025121688843e-02 3.992946743965148926e-01 5.172119736671447754e-01 8.430759906768798828e-01 4.987813234329223633e-01
4.730453193187713623e-01 2.121919989585876465e-01 7.731680274009704590e-01 6.107026934623718262e-01 5.804453492164611816e-01 5.992879867553710938e-01 6.136813163757324219e-01 4.990386664867401123e-01 3.106119930744171143e-01
8.270480036735534668e-01 5.707799792289733887e-01 6.653360128402709961e-01 4.273666739463806152e-01 8.258693218231201172e-01 6.084893345832824707e-01 4.446653425693511963e-01 3.334639966487884521e-01 5.436346530914306641e-01
5.330266803503036499e-02 1.353999972343444824e-01 5.097866803407669067e-02 8.303413391113281250e-01 2.476439923048019409e-01 5.121240019798278809e-01 4.811840057373046875e-01 5.818213224411010742e-01 4.922613203525543213e-01
2.446933388710021973e-01 2.342800050973892212e-01 4.621186554431915283e-01 8.368759751319885254e-01 2.073333412408828735e-02 6.138013601303100586e-01 3.084613382816314697e-01 9.651746749877929688e-01 1.496533304452896118e-02
3.368346691131591797e-01 9.115866571664810181e-02 3.942746520042419434e-01 2.916253209114074707e-01 1.112973317503929138e-01 4.324040114879608154e-01 9.198613166809082031e-01 9.027453064918518066e-01 3.055813312530517578e-01
9.606666862964630127e-03 6.287720203399658203e-01 7.664013504981994629e-01 4.946133494377136230e-02 6.973200291395187378e-02 5.724693536758422852e-01 4.864706695079803467e-01 6.126533150672912598e-01 4.729613363742828369e-01
0.000000000000000000e+00 6.098240017890930176e-01 2.163066715002059937e-02 1.730586588382720947e-01 2.976400032639503479e-02 2.007106691598892212e-01 1.261453330516815186e-01 5.748599767684936523e-01 7.575920224189758301e-01
7.755013108253479004e-01 3.954266756772994995e-02 9.198840260505676270e-01 6.652026772499084473e-01 1.723240017890930176e-01 8.450160026550292969e-01 7.343066930770874023e-01 8.873813152313232422e-01 1.286426633596420288e-01
3.654386699199676514e-01 7.596746683120727539e-01 3.851373195648193359e-01 9.329746365547180176e-01 8.299413323402404785e-01 2.017759978771209717e-01 7.786359786987304688e-01 1.095973327755928040e-01 2.118519991636276245e-01
3.606453239917755127e-01 7.109493613243103027e-01 3.347280025482177734e-01 1.292639970779418945e-01 2.353200018405914307e-01 6.789146661758422852e-01 4.416666626930236816e-01 5.328226685523986816e-01 5.453626513481140137e-01
9.557120203971862793e-01 2.056093364953994751e-01 5.533333420753479004e-01 8.319573402404785156e-01 2.567693293094635010e-01 7.668013572692871094e-01 5.720586776733398438e-01 6.842439770698547363e-01 9.285613298416137695e-01
1.386840045452117920e-01 9.811586737632751465e-01 9.411039948463439941e-01 6.200000061653554440e-04 8.367986679077148438e-01 7.583493590354919434e-01 4.096399843692779541e-01 3.151600062847137451e-02 1.043013334274291992e-01
3.158346712589263916e-01 4.656733274459838867e-01 2.564733326435089111e-01 1.059520021080970764e-01 1.443880051374435425e-01 4.773826599121093750e-01 9.908786416053771973e-01 8.942733407020568848e-01 3.771319985389709473e-01
5.777480006217956543e-01 7.817653417587280273e-01 3.550440073013305664e-01 6.973773241043090820e-01 7.160599827766418457e-01 8.511853218078613281e-01 6.686146855354309082e-01 1.401493400335311890e-01 7.300480008125305176e-01
3.410106599330902100e-01 5.357813239097595215e-01 2.726706564426422119e-01 5.748013257980346680e-01 4.524306654930114746e-01 5.577986836433410645e-01 4.393399953842163086e-01 5.432573556900024414e-01 5.428799986839294434e-01
3.097519874572753906e-01 4.718666523694992065e-02 4.326213300228118896e-01 5.372213125228881836e-01 2.457560002803802490e-01 2.514493465423583984e-01 4.151200056076049805e-01 8.648639917373657227e-01 1.735293269157409668e-01
4.416253268718719482e-01 8.501213192939758301e-01 2.101919949054718018e-01 7.728613018989562988e-01 5.706786513328552246e-01 2.606426775455474854e-01 5.408586859703063965e-01 2.653479874134063721e-01 7.598666548728942871e-01
8.495519757270812988e-01 4.118693470954895020e-01 1.693333382718265057e-03 9.686053395271301270e-01 7.379999756813049316e-02 2.771133184432983398e-01 9.988946914672851562e-01 9.318320155143737793e-01 7.015519738197326660e-01
5.483080148696899414e-01 3.722319900989532471e-01 6.735199689865112305e-01 3.621439933776855469e-01 4.833666682243347168e-01 4.420279860496520996e-01 5.884039998054504395e-01 5.023880004882812500e-01 4.219799935817718506e-01
8.681586384773254395e-01 4.012346565723419189e-01 9.477213025093078613e-01 9.381067007780075073e-02 9.095013141632080078e-01 2.743706703186035156e-01 7.551413178443908691e-01 1.945279985666275024e-01 8.106533437967300415e-02
9.930186867713928223e-01 8.474533259868621826e-02 6.951586604118347168e-01 8.317533135414123535e-01 8.106586933135986328e-01 8.629480004310607910e-01 3.689466789364814758e-02 8.149733543395996094e-01 3.063560128211975098e-01
6.302319765090942383e-01 8.401960134506225586e-01 9.042266756296157837e-02 6.990119814872741699e-01 9.111026525497436523e-01 7.745573520660400391e-01 4.164173305034637451e-01 1.854786723852157593e-01 3.335346579551696777e-01
4.113560020923614502e-01 7.054613232612609863e-01 6.486613154411315918e-01 5.664866566658020020e-01 1.664160043001174927e-01 4.173186719417572021e-01 1.205080002546310425e-01 8.374813199043273926e-01 9.629746675491333008e-01
5.463866516947746277e-02 8.271413445472717285e-01 7.713013291358947754e-01 8.461466431617736816e-02 7.826640009880065918e-01 6.380906701087951660e-01 6.429799795150756836e-01 1.598279923200607300e-01 6.076560020446777344e-01
1.087440028786659241e-01 4.774426519870758057e-01 3.737733140587806702e-02 7.594906687736511230e-01 1.206960007548332214e-01 3.505066633224487305e-01 1.035199984908103943e-01 8.731706738471984863e-01 8.924213051795959473e-01
1.245519965887069702e-01 3.886013329029083252e-01 5.941333249211311340e-03 8.456893563270568848e-01 3.393573462963104248e-01 2.083853334188461304e-01 3.686133399605751038e-02 8.360573053359985352e-01 4.213293194770812988e-01
4.022693336009979248e-01 8.919159770011901855e-01 5.479986667633056641e-01 8.108693361282348633e-01 2.912413179874420166e-01 5.794919729232788086e-01 5.305560231208801270e-01 1.854466646909713745e-01 1.344933360815048218e-02
8.986173272132873535e-01 8.404493331909179688e-01 2.730399966239929199e-01 8.038560152053833008e-01 9.719799757003784180e-01 6.616386771202087402e-01 6.058666706085205078e-01 1.162133365869522095e-01 7.730879783630371094e-01
4.580133259296417236e-01 5.950279831886291504e-01 1.941280066967010498e-01 7.856386899948120117e-01 4.980759918689727783e-01 3.123066723346710205e-01 3.091386556625366211e-01 5.312146544456481934e-01 8.172280192375183105e-01
8.967666625976562500e-01 5.622040033340454102e-01 5.009639859199523926e-01 9.401146769523620605e-01 7.125253081321716309e-01 6.391279697418212891e-01 7.064666748046875000e-01 3.133306801319122314e-01 9.774559736251831055e-01
7.326253056526184082e-01 5.658720135688781738e-01 6.006493568420410156e-01 1.352306604385375977e-01 8.087293505668640137e-01 4.470746517181396484e-01 5.253053307533264160e-01 3.415879905223846436e-01 3.589279949665069580e-01
2.718253433704376221e-01 7.049866914749145508e-01 9.303439855575561523e-01 2.199466712772846222e-02 1.990346610546112061e-01 1.051599979400634766e-01 5.353386402130126953e-01 2.642439901828765869e-01 2.357466705143451691e-02
4.513919949531555176e-01 6.554106473922729492e-01 8.958479762077331543e-01 7.896373271942138672e-01 8.881733417510986328e-01 7.418506741523742676e-01 4.734266698360443115e-01 2.480400055646896362e-01 2.931600064039230347e-02
6.136440038681030273e-01 6.150479912757873535e-01 4.346173405647277832e-01 8.477720022201538086e-01 7.343066930770874023e-01 4.197866618633270264e-01 6.199679970741271973e-01 2.799386680126190186e-01 3.542279899120330811e-01
4.960786700248718262e-01 8.695399761199951172e-01 7.678933441638946533e-02 9.250826835632324219e-01 7.941520214080810547e-01 7.783026695251464844e-01 2.380146682262420654e-01 3.084520101547241211e-01 7.989013195037841797e-01
4.222506582736968994e-01 5.948066711425781250e-01 3.431079983711242676e-01 6.144693493843078613e-01 5.225279927253723145e-01 3.743920028209686279e-01 6.286266446113586426e-01 3.945173323154449463e-01 4.949640035629272461e-01
8.966680169105529785e-01 7.926480174064636230e-01 8.399053215980529785e-01 1.084519997239112854e-01 9.988226890563964844e-01 5.304693579673767090e-01 8.935853242874145508e-01 7.950666360557079315e-03 2.647733315825462341e-02
5.585773587226867676e-01 6.486693024635314941e-01 2.239946722984313965e-01 7.090746760368347168e-01 5.828426480293273926e-01 3.602293431758880615e-01 3.887119889259338379e-01 4.510666728019714355e-01 7.520226836204528809e-01
4.103600084781646729e-01 2.651839852333068848e-01 5.551493167877197266e-01 8.432466387748718262e-01 2.167453318834304810e-01 6.252533197402954102e-01 6.713453531265258789e-01 8.007959723472595215e-01 2.018026709556579590e-01
5.148959755897521973e-01 1.516893357038497925e-01 2.251626700162887573e-01 9.487146735191345215e-01 1.044400036334991455e-02 2.193640023469924927e-01 6.720439791679382324e-01 9.986320137977600098e-01 7.471240162849426270e-01
8.259559869766235352e-01 1.843493282794952393e-01 9.592146873474121094e-01 3.009106516838073730e-01 2.391933351755142212e-01 4.698733389377593994e-01 4.184480011463165283e-01 7.457013130187988281e-01 4.873426556587219238e-01
2.569426596164703369e-01 8.057733178138732910e-01 5.629746913909912109e-01 1.322933286428451538e-01 6.168280243873596191e-01 3.190226554870605469e-01 8.901546597480773926e-01 1.394039988517761230e-01 2.329333275556564331e-01
7.625160217285156250e-01 4.822533205151557922e-02 4.852133393287658691e-01 9.028386473655700684e-01 2.427760064601898193e-01 5.585266947746276855e-01 9.593359827995300293e-01 9.791306853294372559e-01 5.106146931648254395e-01
3.142453432083129883e-01 8.274426460266113281e-01 3.286840021610260010e-01 5.808453559875488281e-01 5.122093558311462402e-01 7.048586606979370117e-01 2.285733371973037720e-01 3.007146716117858887e-01 6.689680218696594238e-01
9.519546627998352051e-01 2.497533261775970459e-01 9.204906821250915527e-01 6.984453201293945312e-01 3.976586759090423584e-01 5.328026413917541504e-01 8.582239747047424316e-01 6.494439840316772461e-01 1.522919982671737671e-01
9.985506534576416016e-01 2.027399986982345581e-01 6.602253317832946777e-01 4.238213300704956055e-01 3.088706731796264648e-01 4.235239923000335693e-01 8.418893218040466309e-01 8.663333058357238770e-01 8.405799865722656250e-01
6.906973123550415039e-01 6.599159836769104004e-01 2.764039933681488037e-01 8.567626476287841797e-01 8.921120166778564453e-01 2.029106616973876953e-01 4.036760032176971436e-01 2.015466690063476562e-01 7.626640200614929199e-01
8.384519815444946289e-01 9.598493576049804688e-01 9.545000195503234863e-01 2.350360006093978882e-01 2.302879989147186279e-01 2.728226780891418457e-01 5.414973497390747070e-01 6.662813425064086914e-01 4.104693233966827393e-01
4.422573447227478027e-01 1.000000000000000000e+00 3.443773388862609863e-01 9.666199684143066406e-01 8.654320240020751953e-01 9.606360197067260742e-01 8.584400266408920288e-02 4.991999827325344086e-03 9.995986819267272949e-01
6.815680265426635742e-01 6.291533112525939941e-01 4.453319907188415527e-01 2.168786674737930298e-01 5.125600099563598633e-01 3.324946761131286621e-01 4.654079973697662354e-01 4.634573459625244141e-01 6.590613126754760742e-01
1.070146635174751282e-01 1.308320015668869019e-01 5.934400111436843872e-02 9.715480208396911621e-01 5.237200111150741577e-02 3.229746520519256592e-01 6.758840084075927734e-01 9.782840013504028320e-01 8.508013486862182617e-01
2.800559997558593750e-01 8.141253590583801270e-01 9.419680237770080566e-01 2.837293446063995361e-01 2.174119949340820312e-01 4.234426617622375488e-01 7.110266387462615967e-02 4.545480012893676758e-01 5.151000022888183594e-01
7.522653341293334961e-01 3.225253224372863770e-01 3.523586690425872803e-01 4.966653287410736084e-01 8.389186859130859375e-01 1.896906644105911255e-01 6.178506612777709961e-01 4.357280135154724121e-01 5.120399966835975647e-02
7.076666504144668579e-02 5.447226762771606445e-01 4.803626537322998047e-01 1.486240029335021973e-01 6.827480196952819824e-01 3.311253190040588379e-01 6.123173236846923828e-01 4.364959895610809326e-01 5.115599930286407471e-02
1.550839990377426147e-01 4.545933306217193604e-01 1.423666626214981079e-01 1.058133319020271301e-01 5.013733357191085815e-02 6.295639872550964355e-01 1.757066696882247925e-01 9.072186350822448730e-01 6.938920021057128906e-01
7.839120030403137207e-01 9.397373199462890625e-01 8.441986441612243652e-01 1.425520032644271851e-01 9.913693070411682129e-01 8.892826437950134277e-01 2.186146676540374756e-01 3.728133440017700195e-02 7.513666749000549316e-01
5.444506406784057617e-01 2.185386717319488525e-01 4.607733190059661865e-01 6.585173606872558594e-01 1.134453341364860535e-01 1.365346610546112061e-01 1.218333318829536438e-01 9.365079998970031738e-01 7.388066649436950684e-01
5.771933197975158691e-01 8.397946357727050781e-01 2.841959893703460693e-01 4.574133455753326416e-01 8.012920022010803223e-01 5.351480245590209961e-01 1.710573285818099976e-01 1.848893314599990845e-01 3.026573359966278076e-01
7.787506580352783203e-01 2.013506591320037842e-01 7.651240229606628418e-01 7.600973248481750488e-01 3.432680070400238037e-01 7.576026916503906250e-01 7.674120068550109863e-01 6.991546750068664551e-01 3.698133230209350586e-01
4.838746786117553711e-01 3.583786785602569580e-01 1.889439970254898071e-01 9.037879705429077148e-01 3.979173302650451660e-01 2.614800035953521729e-01 2.443786710500717163e-01 7.466359734535217285e-01 2.249013334512710571e-01
4.732186794281005859e-01 3.152173459529876709e-01 4.613933265209197998e-01 3.543373346328735352e-01 6.811800003051757812e-01 2.408359944820404053e-01 7.254973053932189941e-01 5.602893233299255371e-01 2.627586722373962402e-01
3.822279870510101318e-01 8.173613548278808594e-01 6.121066585183143616e-02 9.691039919853210449e-01 9.525626897811889648e-01 7.229999899864196777e-01 7.342960238456726074e-01 1.250666677951812744e-01 9.441279768943786621e-01
2.759999930858612061e-01 3.398160040378570557e-01 5.670213103294372559e-01 2.780253291130065918e-01 3.379386663436889648e-01 4.523253440856933594e-01 6.452760100364685059e-01 5.766266584396362305e-01 4.701413214206695557e-01
4.511746764183044434e-01 4.207560122013092041e-01 8.795786499977111816e-01 8.314053416252136230e-01 6.333240270614624023e-01 5.154066681861877441e-01 4.639906585216522217e-01 3.917133212089538574e-01 1.626133322715759277e-01
6.865119934082031250e-01 3.502199947834014893e-01 4.360106587409973145e-01 7.654079794883728027e-01 6.428066492080688477e-01 5.087453126907348633e-01 9.719973206520080566e-01 4.469906687736511230e-01 5.523093342781066895e-01
7.748280167579650879e-01 8.478239774703979492e-01 2.607173323631286621e-01 7.885933518409729004e-01 9.671213030815124512e-01 2.018893361091613770e-01 2.658399939537048340e-02 9.886799752712249756e-02 8.270786404609680176e-01
5.727946758270263672e-01 6.720013022422790527e-01 5.146213173866271973e-01 3.312346637248992920e-01 6.772840023040771484e-01 4.376359879970550537e-01 6.284786462783813477e-01 2.501986622810363770e-01 3.573293387889862061e-01
1.466666617488954216e-05 2.020173370838165283e-01 1.747200079262256622e-02 9.295426607131958008e-01 2.188506722450256348e-01 5.517799854278564453e-01 1.926666707731783390e-03 3.916879892349243164e-01 8.935466408729553223e-01
4.630866646766662598e-01 5.919240117073059082e-01 6.584373116493225098e-01 1.791319996118545532e-01 6.680186390876770020e-01 2.158319950103759766e-01 5.211853384971618652e-01 3.743120133876800537e-01 2.906146645545959473e-01
3.921466767787933350e-01 4.276480078697204590e-01 8.664253354072570801e-01 1.564999967813491821e-01 4.117346704006195068e-01 7.393760085105895996e-01 3.244933187961578369e-01 6.062786579132080078e-01 1.621306687593460083e-01
1.199999969685450196e-04 9.922706484794616699e-01 8.714720010757446289e-01 0.000000000000000000e+00 0.000000000000000000e+00 6.313840150833129883e-01 1.777333323843777180e-03 9.751586914062500000e-01 9.575600028038024902e-01
8.381946682929992676e-01 6.561333686113357544e-02 1.599893271923065186e-01 6.683359742164611816e-01 2.177706658840179443e-01 9.815586805343627930e-01 9.918173551559448242e-01 9.888293147087097168e-01 2.905440032482147217e-01
5.099719762802124023e-01 7.940706610679626465e-01 2.515973448753356934e-01 5.162799954414367676e-01 8.241373300552368164e-01 6.449519991874694824e-01 4.337546527385711670e-01 1.862879991531372070e-01 5.807466506958007812e-01
3.601746559143066406e-01 9.753413200378417969e-01 2.968093454837799072e-01 5.830773115158081055e-01 9.804426431655883789e-01 7.730053067207336426e-01 3.238999843597412109e-01 1.957333274185657501e-02 9.537786841392517090e-01
3.494013249874114990e-01 2.768853306770324707e-01 1.135293319821357727e-01 5.484693050384521484e-01 1.288879960775375366e-01 1.828426718711853027e-01 2.487706691026687622e-01 7.619320154190063477e-01 6.784946918487548828e-01
2.781346738338470459e-01 5.580146908760070801e-01 1.576706618070602417e-01 7.000066637992858887e-01 3.755893409252166748e-01 4.775346517562866211e-01 7.125573158264160156e-01 6.703213453292846680e-01 2.690133452415466309e-01
6.071693301200866699e-01 4.622093439102172852e-01 1.386666699545457959e-04 9.999946355819702148e-01 9.606373310089111328e-01 6.069693565368652344e-01 9.977120161056518555e-01 5.608279705047607422e-01 9.411946535110473633e-01
1.979119926691055298e-01 5.596133470535278320e-01 2.020866721868515015e-01 6.454453468322753906e-01 4.358173310756683350e-01 7.025893330574035645e-01 3.574866652488708496e-01 4.628466665744781494e-01 6.126239895820617676e-01
2.220319956541061401e-01 7.881333120167255402e-03 2.422933280467987061e-02 9.975426793098449707e-01 1.429973393678665161e-01 8.515093326568603516e-01 9.864466786384582520e-01 9.892706871032714844e-01 4.266160130500793457e-01
2.683160006999969482e-01 7.646546363830566406e-01 4.683333262801170349e-02 9.047973155975341797e-01 5.435333400964736938e-02 4.195613265037536621e-01 6.476400047540664673e-02 8.323159813880920410e-01 9.419546723365783691e-01
8.133400082588195801e-01 4.544093310832977295e-01 4.439119994640350342e-01 3.585599958896636963e-01 9.426706433296203613e-01 3.119506537914276123e-01 8.734946846961975098e-01 8.075466752052307129e-02 4.143880009651184082e-01
1.428720057010650635e-01 4.070666730403900146e-01 5.646893382072448730e-01 3.323599994182586670e-01 1.474159955978393555e-01 6.387493610382080078e-01 1.437720060348510742e-01 8.268679976463317871e-01 6.852279901504516602e-01
5.890853404998779297e-01 9.413186907768249512e-01 8.191746473312377930e-01 2.037333399057388306e-01 2.610533237457275391e-01 8.310266733169555664e-01 2.347893267869949341e-01 5.910386443138122559e-01 8.219093084335327148e-01
9.760133028030395508e-01 1.124240010976791382e-01 5.717319846153259277e-01 2.818000018596649170e-01 5.776693224906921387e-01 1.988479942083358765e-01 8.277666568756103516e-01 5.384320020675659180e-01 1.731240004301071167e-01
4.984386563301086426e-01 9.069146513938903809e-01 1.633519977331161499e-01 6.469333171844482422e-01 8.165906667709350586e-01 6.585893034934997559e-01 6.508640050888061523e-01 1.294813305139541626e-01 7.885680198669433594e-01
1.337866671383380890e-02 8.622599840164184570e-01 3.648000070825219154e-03 9.789479970932006836e-01 1.307373344898223877e-01 6.226360201835632324e-01 4.247999936342239380e-02 5.855746865272521973e-01 9.857293367385864258e-01
3.419519960880279541e-01 4.777106642723083496e-01 6.958879828453063965e-01 1.087960004806518555e-01 6.466186642646789551e-01 6.155466437339782715e-01 1.179146692156791687e-01 4.252640008926391602e-01 2.899199910461902618e-02
3.325839936733245850e-01 7.514920234680175781e-01 6.262146830558776855e-01 4.745906591415405273e-01 1.177186667919158936e-01 2.664213180541992188e-01 1.679373383522033691e-01 9.032213091850280762e-01 7.720173597335815430e-01
5.971293449401855469e-01 0.000000000000000000e+00 5.316693186759948730e-01 6.677213311195373535e-01 2.491999883204698563e-03 6.723693609237670898e-01 9.996879696846008301e-01 9.237586855888366699e-01 8.156400173902511597e-02
8.314960002899169922e-01 2.898960113525390625e-01 9.317053556442260742e-01 5.929586887359619141e-01 6.692586541175842285e-01 2.909800112247467041e-01 5.485493540763854980e-01 4.758000075817108154e-01 4.937373399734497070e-01
7.757200300693511963e-02 6.188039779663085938e-01 3.200399875640869141e-02 5.474093556404113770e-01 3.077093362808227539e-01 4.022386670112609863e-01 1.146399974822998047e-01 8.161479830741882324e-01 7.476119995117187500e-01
6.914920210838317871e-01 4.792613387107849121e-01 3.314653337001800537e-01 6.342880129814147949e-01 8.698533177375793457e-01 1.826586723327636719e-01 2.961533367633819580e-01 2.305800020694732666e-01 1.318546682596206665e-01
4.795813262462615967e-01 4.451213181018829346e-01 1.875600069761276245e-01 9.862493276596069336e-01 4.098706543445587158e-01 8.160026669502258301e-01 3.869599997997283936e-01 7.043666839599609375e-01 5.633893609046936035e-01
8.787613511085510254e-01 3.725226521492004395e-01 7.415440082550048828e-01 5.567960143089294434e-01 2.726239860057830811e-01 4.983946681022644043e-01 7.509080171585083008e-01 8.391053080558776855e-01 7.919120192527770996e-01
3.275746703147888184e-01 7.822146415710449219e-01 2.626373469829559326e-01 4.160479903221130371e-01 7.791119813919067383e-01 4.348066747188568115e-01 5.336120128631591797e-01 1.720986664295196533e-01 2.559759914875030518e-01
9.746693372726440430e-01 1.826719939708709717e-01 1.000000000000000000e+00 2.925466597080230713e-01 4.968399927020072937e-02 8.174666762351989746e-01 3.616040050983428955e-01 9.215239882469177246e-01 5.314693450927734375e-01
0.000000000000000000e+00 6.942893266677856445e-01 3.600000127335079014e-05 3.818173408508300781e-01 7.489733397960662842e-02 4.822173416614532471e-01 4.725026786327362061e-01 5.811666846275329590e-01 6.329746842384338379e-01
3.716533258557319641e-02 1.896239966154098511e-01 1.128266658633947372e-02 2.591866627335548401e-02 2.207573354244232178e-01 6.809853315353393555e-01 9.067479968070983887e-01 8.171026706695556641e-01 0.000000000000000000e+00
5.143786668777465820e-01 7.475759983062744141e-01 9.755600243806838989e-02 8.250106573104858398e-01 4.863919913768768311e-01 3.286919891834259033e-01 2.063466608524322510e-01 4.264093339443206787e-01 9.079493284225463867e-01
9.000773429870605469e-01 2.073239982128143311e-01 4.959573447704315186e-01 4.067333340644836426e-01 6.853066682815551758e-01 5.847640037536621094e-01 8.316226601600646973e-01 2.561373412609100342e-01 8.569346666336059570e-01
9.840573072433471680e-01 5.948813557624816895e-01 9.672840237617492676e-01 9.589520096778869629e-01 7.097266912460327148e-01 6.206200122833251953e-01 3.837519884109497070e-01 2.693866789340972900e-01 9.661679863929748535e-01
8.175600320100784302e-02 4.494400024414062500e-01 6.696533411741256714e-02 9.573000073432922363e-01 1.851213276386260986e-01 7.886626720428466797e-01 2.546533346176147461e-01 8.123226761817932129e-01 2.926146686077117920e-01
7.318493127822875977e-01 3.986586630344390869e-01 5.383213162422180176e-01 4.035506546497344971e-01 5.235520005226135254e-01 5.582906603813171387e-01 4.688400030136108398e-01 5.777119994163513184e-01 8.633666634559631348e-01
3.959813416004180908e-01 2.860026657581329346e-01 4.967186748981475830e-01 6.827200055122375488e-01 7.979453206062316895e-01 3.575240075588226318e-01 1.320626735687255859e-01 8.761466294527053833e-02 9.765599668025970459e-02
7.849332876503467560e-03 9.561866521835327148e-01 2.916706800460815430e-01 7.524000015109777451e-03 8.418506383895874023e-01 6.201133131980895996e-01 2.251613289117813110e-01 1.175640001893043518e-01 9.218826889991760254e-01
5.381866544485092163e-02 9.055479764938354492e-01 1.113426685333251953e-01 5.355280041694641113e-01 1.893946677446365356e-01 7.761706709861755371e-01 3.825973272323608398e-01 3.662586510181427002e-01 5.053039789199829102e-01
6.009706854820251465e-01 8.100559711456298828e-01 2.327293306589126587e-01 5.480639934539794922e-01 6.361266374588012695e-01 4.849786758422851562e-01 1.480053365230560303e-01 3.321720063686370850e-01 1.166639998555183411e-01
8.011426925659179688e-01 4.895919859409332275e-01 8.930079936981201172e-01 4.009560048580169678e-01 8.342426419258117676e-01 6.964120268821716309e-01 6.200626492500305176e-01 9.290266782045364380e-02 1.527346670627593994e-01
0.000000000000000000e+00 9.666479825973510742e-01 6.603959798812866211e-01 3.999999989900970832e-06 1.281346678733825684e-01 6.534933447837829590e-01 1.058546677231788635e-01 2.899706661701202393e-01 6.397333145141601562e-01
3.758133202791213989e-02 7.485186457633972168e-01 6.196933239698410034e-02 6.882466673851013184e-01 6.701333075761795044e-02 3.008386790752410889e-01 3.894533216953277588e-02 9.325240254402160645e-01 8.179373145103454590e-01
2.818706631660461426e-01 2.738879919052124023e-01 6.703093051910400391e-01 2.518000006675720215e-01 6.267826557159423828e-01 7.481613159179687500e-01 9.295466542243957520e-01 6.105920076370239258e-01 4.531333446502685547e-01
5.013599991798400879e-02 9.759920239448547363e-01 4.876239895820617676e-01 4.133333277422934771e-05 8.884253501892089844e-01 1.907626688480377197e-01 8.106466531753540039e-01 2.877333434298634529e-03 7.738626599311828613e-01
3.306919932365417480e-01 9.564386606216430664e-01 3.095546662807464600e-01 4.191733151674270630e-02 7.986986637115478516e-01 6.114959716796875000e-01 1.362333297729492188e-01 1.159119978547096252e-01 9.034533500671386719e-01
4.397733211517333984e-01 3.399586677551269531e-01 3.459386527538299561e-01 2.397119998931884766e-01 3.927413225173950195e-01 2.431319952011108398e-01 4.135053455829620361e-01 7.496866583824157715e-01 1.655839979648590088e-01
9.551333189010620117e-01 2.195480018854141235e-01 9.769733548164367676e-01 9.560266733169555664e-01 9.900653362274169922e-01 6.237360239028930664e-01 5.912240147590637207e-01 4.004626572132110596e-01 3.193466737866401672e-02
4.134786725044250488e-01 3.837466537952423096e-01 7.354133129119873047e-01 1.987266689538955688e-01 3.336560130119323730e-01 5.437999963760375977e-01 5.024626851081848145e-01 5.921853184700012207e-01 2.538933455944061279e-01
5.830039978027343750e-01 8.004133403301239014e-02 9.411759972572326660e-01 2.416866719722747803e-01 3.744133189320564270e-02 5.682933330535888672e-01 9.202773571014404297e-01 9.624146819114685059e-01 2.038146704435348511e-01
3.620146512985229492e-01 6.398079991340637207e-01 5.952213406562805176e-01 4.810973405838012695e-01 4.908173382282257080e-01 5.555199980735778809e-01 4.474373459815979004e-01 4.172373414039611816e-01 6.978386640548706055e-01
