1.567640456020027884e+00 5.044050392519942250e+01 5.327581884340614193e-01 1.007213926977883034e+00 1.145449853959993547e+00 2.113444663831571813e+00 -1.309298937000638041e+00 -9.394156503259250002e-01 6.670729303848595464e+02
6.703390401867691528e-01 5.460078555758103391e+01 8.495018666001542818e-02 2.536466188468312843e+00 8.232842166975595788e-01 2.196026320617765926e+00 -3.722315893545661059e+00 -3.869628986845975227e+00 1.906461864166086571e+02
1.002209500337375436e+00 5.574991554137239547e+01 5.445363224077214293e-01 2.485349357937006065e+00 -1.358593084602131462e+00 2.997142209106065991e+00 -3.677305104480478093e+00 -2.755825764482403351e+00 4.440134569769759878e+02
1.015198581421880686e+00 4.828070693420895054e+01 6.271783071577294866e-01 2.504545053405133004e+00 -9.468694363850218565e-01 2.088208712742769091e+00 -3.009049679061023497e+00 -2.266513538185880527e+00 5.485923408004265411e+02
3.911299851448287734e-01 5.532432360569380592e+01 1.660109880901005086e-01 3.343512862613016168e+00 -3.904700375948487512e+00 2.868898450024341074e+00 -7.369153215364665499e-01 -5.757601879947830348e+00 1.031748609750929262e+02
9.158840474305072199e-01 5.322278974442254906e+01 5.182565637583338436e-01 8.930666995681431075e-01 -1.275736802884445353e+00 2.435004924089982037e+00 -2.072630670666223640e+00 -2.162696403231499254e+00 4.930940179589762806e+02
3.648043993393377815e-01 5.317528655663501524e+01 3.449978282643662575e-01 8.510352703555568166e-01 7.349078783053419883e-01 2.588920802327058013e+00 -2.555456745050523448e+00 -5.712554598396556216e+00 7.691687930785381013e+02
8.000693309627753269e-01 5.022250871360285629e+01 6.736374885612178565e-02 7.226662422507628136e-01 5.886349665473282755e-01 2.670815570522272697e+00 -2.468804254917531082e+00 -4.559712095464780290e+00 5.243597990942322440e+02
1.345270412329207854e+00 5.457510477511561930e+01 7.416461651445570291e-02 1.188803029175354631e+00 -1.459341286984876973e+00 2.684539348555319282e+00 -3.089543263637849257e+00 -2.241374077187247238e+00 7.089743463014567624e+02
3.718957394936171501e-01 4.891665842084815097e+01 3.685852305683502000e-02 2.913331763501948224e+00 -3.298680918839086651e+00 2.525829602793803641e+00 -2.496964761878812666e-01 -2.285731144762863210e+00 5.946144061819920807e+02
4.772937379598062857e-01 5.213961908024201364e+01 4.940743112021728778e-01 2.550951451529036351e+00 -1.236886726790826785e+00 2.668580946735963355e+00 -3.994801223153172653e+00 -2.764012106522637069e+00 2.674420618708958273e+02
1.232956444075713920e+00 5.045472481639496465e+01 4.165266156200906345e-01 3.004944383835385757e+00 4.136570440621705202e-01 2.879926058757316554e+00 -1.025783182180897590e+00 -6.631285876441723737e+00 1.226182716772587753e+02
5.072402698957493294e-01 5.501586885156773121e+01 5.342586385398705451e-01 2.940142121216579252e+00 -4.637242654457196522e+00 2.893034202107484631e+00 -2.331747872213309147e+00 -5.588884102384072072e+00 2.195079054170649613e+02
2.753197322221634380e-01 5.387036580057750967e+01 1.338240383840936520e-01 4.875387179660885528e-01 -9.617742343649355874e-01 2.390434203057487661e+00 -2.214048206940576691e+00 -2.943198005364624947e+00 6.913654758295983811e+02
6.912945965556679395e-01 5.468713988378484459e+01 3.453511073449939128e-01 1.696913904706105036e+00 -9.447380817020301080e-01 2.505720391220998877e+00 -3.219898048971525650e+00 -1.752387172890352396e+00 8.549606613156314552e+02
1.436449309233692961e+00 5.559293787885906823e+01 4.779206802112299091e-01 2.272401303788340154e+00 8.723953852639478868e-01 2.349821323937983930e+00 -6.547173237378514088e-01 -2.288176035819093457e+00 8.286049236112127119e+02
7.766133995099644416e-02 5.041739259207370338e+01 5.120816657145114137e-01 2.402405324523886332e+00 1.511022587158290520e+00 2.830339706721049176e+00 -3.386912731358342477e+00 -6.432879326277618937e+00 1.162377971482442689e+02
3.022924375359033536e-02 5.529113457394357312e+01 2.289685782250717450e-01 9.868805159205891187e-01 -5.962521644281526534e+00 2.097493773609067969e+00 -1.580166439704093762e+00 -5.713345952049722065e+00 5.325984596475813078e+02
1.125387327216450517e+00 4.865921613668310641e+01 2.978670809124586150e-01 3.238357510183070165e+00 -6.123406360612513311e-01 2.492221824719334844e+00 -1.170265108221059780e+00 -2.866322295534181386e+00 2.045146176061061851e+02
8.810574840985552214e-01 5.032845761952406605e+01 3.201115510546058696e-01 2.553715319232419123e+00 -4.274121042828896044e+00 2.061373975552473592e+00 -3.940725419932889384e+00 -6.938708355650333282e+00 4.716220199336410701e+02
1.010394326044481428e+00 5.164149065413222672e+01 4.147485815269427167e-01 1.502208585768894711e+00 -2.235413560332846217e-01 2.564329177921647940e+00 -3.284751985059207957e+00 -5.811492158233529715e+00 2.612523714939507045e+02
2.162010991451026876e-01 5.479764412294828446e+01 6.675362569120982248e-02 3.099259134744232203e+00 -5.350208451495622519e+00 2.699255316769586965e+00 -4.813639492523109631e-01 -2.606437320443922623e+00 8.520450066978887662e+02
1.340563370327140458e+00 4.880489653399166627e+01 4.445470223660072384e-01 1.178378425057257761e+00 -2.484664377762442200e-01 2.262174399183871643e+00 -3.008972740235976939e+00 -4.382530685166010187e+00 7.300698918255036460e+02
1.338810866913143327e+00 5.153623032364830436e+01 6.774786360685937370e-02 8.858379579058939246e-01 -5.375965657662142405e+00 2.338389309066262634e+00 -9.309577803570814325e-01 -4.954980036426407608e+00 7.872573134929075422e+02
5.732911154301333356e-01 4.806496178485170390e+01 5.094358444128611191e-02 2.852914973668238652e+00 -4.292906738869162631e+00 2.931721051748321649e+00 -2.339329676406725955e+00 -6.990734143239512477e+00 8.207077725199375209e+02
4.395651246900921794e-01 4.854060783721070038e+01 6.246854354997124492e-01 2.514539698749899355e+00 1.353915525431596656e+00 2.505671589169958136e+00 -5.218979787419710803e-01 -1.995653239547293012e+00 3.607668171399756716e+02
8.303416970885088566e-02 4.888450889404620625e+01 2.713917783892981217e-01 9.018342182583047872e-01 -7.460112849616642450e-01 2.262202800314217832e+00 -1.616363951918949660e+00 -6.054724885676980861e+00 9.951061578793172657e+02
1.557081967599544869e+00 5.222930376060467239e+01 1.294408233046200618e-01 8.074821579696607188e-01 -1.782801025270723372e+00 2.087740868819217610e+00 -6.918710218545172097e-01 -9.987820002277869591e-01 2.572197389287242117e+02
8.342383390636157747e-01 5.609166534849138941e+01 7.051233669467621423e-02 1.010123982448905666e+00 8.511677920291393917e-01 2.482672704627793880e+00 -1.554645451703957626e+00 -6.720812456613906249e+00 2.704439422336905636e+02
8.071263726009226813e-01 5.080894875961490698e+01 1.435747426819702077e-01 7.753338464695829213e-01 -3.478673103011447054e+00 2.670270223271403509e+00 -1.496994104837174433e+00 -6.984017571971119942e+00 5.209464841317378614e+02
1.697475045890814715e-01 5.209987645046830806e+01 5.686725284951535953e-01 9.813389704159667382e-01 -3.411822395746698433e+00 2.455589286316506303e+00 -1.772175377456446377e+00 -8.719890473735674163e-01 4.627438917764974349e+02
1.405535640453503543e+00 5.414591224533663194e+01 3.363317935579416829e-01 7.371882625762511410e-01 -4.680161014689284471e+00 2.265230889561006045e+00 -3.461949020115493436e+00 -6.020600314391486130e+00 3.761271799029856311e+02
4.477724517796435322e-01 5.680134067832976541e+01 1.856821509010184168e-01 1.616901621892262941e+00 1.171410034443723269e+00 2.561266242894994605e+00 -1.221175471955374903e+00 -4.360216554166394864e+00 1.713328200539999102e+02
1.516268989257893163e-01 5.127054850349072268e+01 2.642115572281709956e-02 8.458979973223399451e-01 -1.911128452469148087e+00 2.281660151491976318e+00 -1.636491131959981971e+00 -1.880491393897012031e+00 2.419384749910870767e+02
1.185844717214038280e+00 4.814318727131900033e+01 2.153632570825064207e-01 2.237880095475434317e+00 -1.375555646030317547e+00 2.649691485371498789e+00 -3.247288147338156516e+00 -7.454628258470792801e+00 8.272860235258797275e+02
1.354887902170312630e+00 4.943411434814547079e+01 1.440965247095254143e-01 3.420976796583286905e+00 -3.344285638069095512e-01 2.405603375481721429e+00 -2.787324602648283189e+00 -2.370713057615724040e+00 9.100313982823333845e+02
7.591462178309174025e-01 4.706952253036558886e+01 1.523890183892507577e-01 1.254319627805459803e+00 2.277602533133116225e-01 2.820747359950837474e+00 -2.593445744644084616e+00 -3.618520625228238252e+00 1.642310344442116161e+02
8.246252433424229589e-02 5.305658342406463390e+01 2.763950341808926181e-01 2.518771790490687668e+00 1.492047735861871338e+00 2.457803793240643131e+00 -2.109917171677466285e+00 -2.495591253608397508e+00 7.405727325848200735e+02
2.171987423537634632e-01 5.636035195728668157e+01 3.305308545538486187e-01 2.089553338852009112e+00 -3.946260436631422230e+00 2.372883228615825235e+00 -2.824303539126081120e+00 -5.842878301102177652e+00 2.280333925040890790e+02
3.385588372526091572e-01 5.137125231327875952e+01 1.087640291531060954e-01 1.484150016363236846e+00 5.453038127840592608e-02 2.677974930950550281e+00 -1.966168189009533940e-01 -6.539330835400551933e+00 9.060335117633935624e+02
1.853946298467150922e-01 5.646329334698812374e+01 4.788457046066055822e-01 9.644205816024258304e-01 -5.758453518043276986e+00 2.510926890102859410e+00 -2.755225201015152781e+00 -3.036942607711751840e+00 4.198052223679708277e+02
4.837346175212653421e-01 4.869599660559611465e+01 5.360092754690972683e-01 2.930539449005221897e+00 1.393351015840491591e+00 2.036138805946441810e+00 -4.453860383748380336e-01 -5.662590206365291756e+00 6.311206728812538813e+02
6.973061876606918563e-01 4.998334018259791378e+01 5.137281867531861002e-01 2.110823031938153516e-01 -5.646589528202191843e+00 2.652162643526263963e+00 -4.663336662627690643e-01 -7.414252036754538366e-01 1.874203048625163888e+02
5.234732152787665571e-01 5.286928853234590520e+01 4.181601151731614147e-02 1.689000703131402270e+00 2.819967553418321060e-01 2.121754335629107757e+00 -3.345427822170656817e-01 -2.055264673689345400e+00 2.193319594607806096e+02
1.110258995718902408e+00 4.829210090520977161e+01 3.909681428770836464e-02 2.063444302500029526e+00 -2.724141694402188563e+00 2.351901919467486834e+00 -7.001669268777201971e-01 -1.354656590159489582e+00 3.257113433540353071e+02
3.324551864766083220e-01 5.592206732252660117e+01 5.761729383128348925e-01 3.060771651963632434e-01 -3.335763634999987737e+00 2.773052074631905395e+00 -3.057789125864376345e+00 -1.147490493687463697e+00 3.875221015110009262e+02
1.544285592055191447e+00 5.079829910366257195e+01 3.247957396500122940e-01 5.890224511634244431e-01 -8.086306256779955959e-01 2.433772328173172461e+00 -2.364353749285615702e+00 -2.082105220308693383e+00 3.544956017789238558e+02
1.188330523958888385e+00 5.473259765101860808e+01 2.733973882912815734e-01 1.493746508851330645e+00 2.038273383361293156e-01 2.707998747910153714e+00 -1.125050108964781970e+00 -5.890157681805535006e+00 2.698804518915624158e+02
2.659692033624175278e-01 5.241296413319179948e+01 1.572772081678414924e-01 1.292036598798752989e+00 1.907294161948914990e+00 2.849201118078261263e+00 -1.803201720572907174e+00 -2.072741501609270287e+00 9.723874287600842763e+02
3.904412967221397301e-01 5.147253559541960755e+01 8.144687087343559229e-02 2.868365126171611212e+00 -5.045074225457281791e+00 2.982014329017682819e+00 -3.070942957369783066e+00 -6.914826361138630695e+00 6.339606327336944105e+02
8.197486902724846480e-01 5.161336972216657415e+01 2.703905355644525832e-01 5.856909791472706406e-01 -8.791008130355999484e-01 2.452356667511202293e+00 -3.742482120055777628e+00 -3.064962338827466937e+00 6.504225226308656147e+02
1.088782123685829939e+00 5.377353130844289808e+01 8.842505871265057826e-02 7.816277781956768589e-01 -5.385781109256774002e+00 2.156513296865425033e+00 -4.159266691617862222e-01 -3.558282860028997518e+00 7.786812045748677065e+02
2.381367503138756281e-01 4.817526941081560921e+01 1.997030479478620890e-01 7.774618104180746059e-01 -2.978051598539829037e+00 2.481014082697189593e+00 -1.324445579204199586e+00 -1.964059566851958927e+00 2.072276696288794824e+02
1.307721965968328792e+00 5.512949988822304448e+01 4.841993863964936806e-01 3.244110527452480408e+00 8.727912822620007560e-01 2.452791576610942492e+00 -3.054863509826337697e-01 -2.754791249015582366e+00 3.731692932244840222e+02
1.326958524834835007e+00 5.207647036318083877e+01 1.108856337475262327e-01 4.361437364357224622e-01 -5.920697894685238438e-01 2.314885149065572634e+00 -1.737255123539383384e+00 -7.542985427295289647e+00 4.806205236945559136e+02
1.002411133750875649e+00 5.291110097582795646e+01 4.989877696890838155e-01 2.242225187625661587e+00 -1.897890101878932256e+00 2.306864738546094085e+00 -3.597199105587497669e+00 -6.042980082530371000e+00 9.545737549702965907e+02
1.465574182191490937e+00 4.870462027568400032e+01 4.550804385720710887e-01 1.312331320419281688e+00 -4.382491880713477173e-01 2.663955663607914914e+00 -2.080013436385324432e+00 -5.512859890789535200e+00 6.729172976663899135e+02
1.220284561127278122e+00 5.586394012276721810e+01 1.580719421513571976e-01 2.273186624543276135e+00 -2.992771483925888987e-01 2.423726483224441619e+00 -2.275462550659672623e-01 -7.559854069394667420e+00 6.199168424392253200e+02
6.582882255677706407e-02 4.724169746183952867e+01 4.351358289667855428e-01 2.515028396462858584e+00 1.264336348044133196e+00 2.805231978046986541e+00 -8.124247977745095994e-01 -4.267391857384930098e+00 7.786687172117055979e+02
6.929926285044935019e-01 5.120444608884882598e+01 5.116974536643658089e-01 2.113832752384208202e+00 -4.540651734837375386e+00 2.943555079069787084e+00 -2.698796920020718026e+00 -9.025087409797016846e-01 6.052735889782611594e+02
1.284909028297475331e+00 4.953889868191206602e+01 3.430359939058904017e-01 1.834877722215917606e+00 -1.755975155222727402e+00 2.808413743101733751e+00 -1.102519022099278434e+00 -1.541830006056095215e-01 6.335869399813386735e+02
1.568702013716061494e-01 4.847985399548806384e+01 4.985242173530924359e-01 2.610779631886482210e+00 1.400550016963743261e+00 2.400861072891876891e+00 -3.651604098213030003e+00 -4.874004515667318849e+00 2.453306094212375115e+02
2.337974091305919100e-01 5.257476683078401436e+01 5.159615749483100755e-01 2.343803656892212484e+00 -2.773577790509481389e+00 2.639331221241663084e+00 -1.029125899844334224e+00 -3.003798251446048617e+00 7.731543164161246295e+02
2.831598982339798565e-01 4.867709908035379840e+01 3.247141435407138038e-02 1.562610717079630174e+00 -1.224776878531507407e+00 2.466775214739519662e+00 -3.117053365616155869e+00 -6.576388372275955518e+00 3.667520754173977480e+02
8.854718457216831373e-01 5.244686141477514951e+01 1.911799136197214755e-01 2.300464267263214957e+00 1.754423199900845276e-02 2.895129827017117297e+00 -1.350756046347274086e+00 -5.937339675554268226e+00 6.853723054929323553e+02
2.083485838354751651e-01 4.864967254053625823e+01 3.144036487883606901e-01 8.666371755700881252e-01 -1.846990439889348856e+00 2.061068967788124873e+00 -1.913545345131859143e+00 -4.046023796058372923e+00 2.963857898078883863e+02
1.177110187914923278e+00 4.811436211733740720e+01 1.763001250774139106e-01 2.204941579881105618e-01 -1.044264663903098800e+00 2.489335563736181811e+00 -3.605471323985988352e+00 -6.376540328085407161e+00 3.740838414729253714e+02
9.387295006262361685e-01 4.777095973217594604e+01 2.365970752439580105e-01 7.954867498920794588e-01 -3.048509573062212041e+00 2.461061876924971692e+00 -1.401465663227412506e+00 -4.955736748448919649e+00 9.078859915870640407e+02
1.346534927925986613e+00 5.011075308867505385e+01 5.479902272231236271e-01 1.982051896494523291e+00 1.843072670924366108e-01 2.478454594297750724e+00 -1.819284234480382789e+00 -2.115884934937817263e+00 3.195496647430155690e+02
1.166872346530220872e+00 4.963727377333579938e+01 5.481864989301256097e-01 2.865441469026615895e+00 -2.108100417078518696e+00 2.717684346551139996e+00 -3.712194822572131958e+00 -6.627574128936019271e+00 6.252993082802518074e+02
7.018309590929358577e-02 5.328890721272362185e+01 4.350872698274928507e-01 3.282366780767282943e+00 3.243589669782886986e-01 2.593008016932328186e+00 -2.546895057863962197e+00 -3.169043809400947431e+00 3.750522769140339392e+02
8.303228510674047769e-01 5.024922780604988759e+01 1.957060272761281527e-01 2.586891742882122092e+00 -5.017290384506973844e+00 2.275999557774614157e+00 -2.187144709818825472e+00 -5.172028267903203691e+00 9.804896964731659637e+02
1.915372784738483825e-02 5.683879405775959981e+01 2.408489465974198718e-01 3.019598937841388775e+00 1.403626714576349244e+00 2.287412667401822475e+00 -3.723110970255839369e+00 -4.395282992520580301e+00 5.935073220038832460e+02
6.144761369446003485e-01 4.812948267873543529e+01 3.347336049784088718e-01 2.832240642993503421e+00 -2.230264400209145847e+00 2.898027835750831560e+00 -2.669782491530479085e+00 -2.002042480149802905e+00 9.739083008080656327e+02
2.381367503138756281e-01 4.817526941081560921e+01 1.997030479478620890e-01 7.774618104180746059e-01 -2.978051598539829037e+00 2.481014082697189593e+00 -1.324445579204199586e+00 -1.964059566851958927e+00 2.072276696288794824e+02
1.045486690626541870e+00 5.028259838890560474e+01 3.520510476210420570e-01 1.413081083246421121e+00 -5.467595984336901971e+00 2.887222012028157536e+00 -9.922692733427456169e-01 -2.967907283373475202e+00 5.917218304386267391e+02
3.659069574728882612e-01 4.972165145077416071e+01 8.948000986802012724e-02 3.457925769791838633e+00 -2.155498608816449391e+00 2.822039930665502627e+00 -8.095762308940774865e-01 -7.183438834680125673e+00 3.335536422094917270e+02
1.562121164362735293e+00 5.098548021121049345e+01 1.724430092912143386e-01 2.846653167619059843e+00 -1.220616728460006684e-01 2.730947775850046444e+00 -1.742242235003256479e+00 -7.589655821640469036e+00 6.703858231154059695e+02
6.861834435622272688e-01 5.372813282642135135e+01 4.436495936933801398e-01 2.899004458603016143e+00 3.803251167718526560e-01 2.917049421220814676e+00 -1.170429408543762317e+00 -3.338109932312442574e+00 1.470846905537244993e+02
9.363379100112917408e-01 5.148479407880355296e+01 4.600769306332459507e-01 3.314925526814642698e+00 -4.156109101638381986e+00 2.766332188443962892e+00 -3.114268169075477211e+00 -3.317273833253224780e-01 5.286833047591455852e+02
6.325674859625055602e-01 4.980363481155476535e+01 2.218972031938744038e-01 2.832294994297547497e+00 1.229875000114883932e+00 2.057384937951154846e+00 -1.204926505644584811e+00 -7.470109266031907502e+00 4.107497630516609775e+02
1.138804399533919876e+00 4.890326818502757789e+01 3.732666669157687633e-01 1.975922756208297049e+00 -4.355278137024510166e+00 2.475989629815492421e+00 -2.057960102471944719e+00 -4.736209140908148818e+00 3.914303063232729869e+02
5.970585261161294177e-01 5.250232203735626513e+01 5.860028799907889274e-01 1.778611598846046471e+00 -5.072185660984949607e+00 2.699877323405211804e+00 -1.362281758928817421e+00 -6.903238443476046093e+00 9.319619882463158547e+02
8.432350280340692450e-01 5.045471663354630465e+01 2.462455743980330736e-01 1.134135935592621047e+00 5.872887767869618969e-01 2.241046844722398568e+00 -2.119121569708430464e+00 -3.775604556969320846e+00 6.845072194784046360e+02
1.154374814862549226e+00 5.456789159246382326e+01 4.635228061565389857e-02 2.871318696233013945e+00 -4.974085958030285859e+00 2.050521000706447161e+00 -1.423813563602105869e+00 -5.350316159862426701e+00 3.617665014414474172e+02
1.957167582685637175e-01 5.054916552848979450e+01 1.635577136093183392e-01 2.482577973666323157e+00 -4.619892499109321093e+00 2.699387150132364077e+00 -3.507526686099459390e+00 -2.026200172821947199e+00 1.108810381605981235e+02
1.472091476217364026e+00 4.803530528604653682e+01 1.215806971784720858e-01 2.794816607418693977e+00 -5.739573983774278965e+00 2.780785731462551702e+00 -2.056713003437304010e+00 -3.829837599379482427e+00 3.784699701324149714e+02
7.264765941251604131e-01 4.906333203208902916e+01 5.467343473143813082e-01 6.860531447982345377e-01 -4.722989690337017876e+00 2.640216994888377133e+00 -2.257213911487688573e+00 -2.142077574707727194e+00 6.901503196645587650e+02
1.976151178543356091e-01 5.345184731010609624e+01 5.871092136560612795e-02 3.463310933323223040e+00 -5.298081098163477165e+00 2.617504267726858735e+00 -1.759135100744244173e+00 -4.548333095058847420e+00 7.970638422277513655e+02
9.592451960718062498e-01 4.885442977923810304e+01 5.884293237086188899e-01 8.856426192252642160e-01 -4.066597155186244983e+00 2.781854636652098200e+00 -2.997529164212389574e+00 -2.006798042209140043e+00 7.585699079330398718e+02
1.238206049717176072e+00 4.712421922304863386e+01 4.642276269830075131e-01 3.383676962535436594e+00 -1.822159550746569323e+00 2.090819879438484463e+00 -1.954114172914769743e+00 -6.013351889622820856e+00 3.025656886395573792e+02
3.643434353205046161e-01 5.577294503103524903e+01 4.627243749809666351e-01 1.164730160856156660e+00 -5.690625695480800772e+00 2.370474638633675912e+00 -3.485835655465331140e+00 -3.483989101496591800e+00 4.685407015826792758e+02
1.435734878806446124e+00 4.952036638312982575e+01 1.386822743420547677e-01 1.263394469302895784e+00 -1.356754852200504402e+00 2.727357236278350250e+00 -3.294037297705851852e+00 -2.384384475697800099e+00 8.346657157771994662e+02
3.511392409791868618e-01 5.655447494549881071e+01 5.403539845102363071e-01 6.325747079316517141e-01 7.751174215381153587e-01 2.371056846361501602e+00 -3.281243633656194092e+00 -4.639112637939610373e+00 1.362482637046802552e+02
1.088782123685829939e+00 5.377353130844289808e+01 8.842505871265057826e-02 7.816277781956768589e-01 -5.385781109256774002e+00 2.156513296865425033e+00 -4.159266691617862222e-01 -3.558282860028997518e+00 7.786812045748677065e+02
8.916968947798186163e-01 4.735505479649327043e+01 2.361004797556789936e-01 1.816210177549806071e+00 1.182078809924571594e+00 2.573667964537168285e+00 -3.019671240692983538e+00 -2.314048388508379794e+00 9.890558497889965111e+02
6.946683904455400738e-01 5.383378988448751556e+01 1.773683523515440230e-01 1.539785320258613588e+00 -1.151523874181576090e+00 2.029496457679160759e+00 -2.752193166857776596e+00 -4.185708437432833051e+00 2.127723366551600179e+02
1.346466772167308257e+00 5.426578461140618259e+01 2.145634289784344173e-01 1.199907653792499529e+00 -2.417790959533206774e+00 2.447964793726020716e+00 -3.310096689584165031e+00 -1.327436140332896031e-01 4.902679221514268875e+02
1.021609479081168476e-01 4.807205568967896880e+01 1.883857649560887471e-01 9.289562282926175918e-01 -1.309131494191765555e+00 2.710419623684301449e+00 -1.087401213952037704e+00 -3.789863866633054634e+00 7.783195707365007365e+02
1.181598496607624060e+00 5.203220669396556985e+01 1.106154859878982766e-01 3.295943844890008911e+00 -4.094051140411932188e+00 2.891147481609882774e+00 -2.143604408511293524e+00 -7.901380998715272774e+00 1.055400146737084697e+02
1.163130839418117901e+00 4.858335148968444628e+01 2.651368214021719294e-01 1.607385044349570968e+00 1.079385549961362045e+00 2.960550959697623163e+00 -2.928532790082656323e+00 -5.489047142680588465e+00 8.213128908859770263e+02
1.434097927588326549e+00 4.891437498789905192e+01 5.233146438680291723e-01 5.478431001820156521e-01 5.536107269598753433e-01 2.708035947306332680e+00 -6.658936866280420475e-01 -6.022993342599763267e+00 1.746464961191957173e+02
1.335213526531382033e+00 5.045893815314090602e+01 5.883851321983617905e-02 9.136888519041028722e-01 -1.330740289228454110e+00 2.442495847945433951e+00 -3.587650721774892304e+00 -3.497108010983300375e+00 7.612196259510928940e+02
8.421307793331550551e-01 5.472917892084571179e+01 3.974403151082667868e-02 1.089853072698732106e+00 1.990165317792158106e+00 2.193169831553889004e+00 -3.480406641183937833e+00 -7.336681934298722396e+00 2.424497861330340243e+02
1.053340394376042877e+00 5.592534358971677477e+01 2.905442131450383658e-01 2.860362687414691241e+00 -4.858155277000238748e+00 2.755083832779651409e+00 -3.217917590653374127e+00 -4.076015263421830959e+00 3.201276477114714680e+02
2.557637255528020792e-01 5.066333121316320387e+01 5.966485725245149752e-01 5.572126440577045425e-01 1.448855905258368715e+00 2.263379813407242480e+00 -5.400768691968491630e-01 -2.314477720690126361e+00 7.297784392984460737e+02
2.442462103228306911e-02 5.371308501955088843e+01 3.341030538055336785e-01 1.912286927725867169e+00 -5.792711341853445717e+00 2.395133352682484507e+00 -1.851713794254690182e+00 -2.684440730319188617e+00 2.535279589076057221e+02
3.226613244450095563e-01 5.523943451960707307e+01 1.036584019665852674e-01 2.847433703232047364e+00 -3.202582781526977840e+00 2.109983223697950550e+00 -3.810236592746029771e+00 -1.949183696245810005e+00 4.530071167274580830e+02
1.181363837952980056e+00 5.081862367741760522e+01 5.298974648987940794e-01 2.941795379191831206e+00 -2.359129544664727796e+00 2.965003556483787772e+00 -2.092655213273013626e+00 -6.710373662541132767e+00 9.575809344224057895e+02
2.067899027351987329e-01 4.837930848460796085e+01 1.818569030730873559e-01 2.175170088961098536e+00 1.400514034882550440e+00 2.756280921797514161e+00 -2.633190961182134693e+00 -2.941554512691548773e+00 2.551022308438256800e+02
8.188171720609610515e-01 5.055895997602880243e+01 1.181654142515748407e-01 1.370639952515087856e+00 -3.728222206526687010e+00 2.703952742410973720e+00 -7.693284211962012620e-01 -1.237508039131512305e+00 4.732785859007238969e+02
1.424754383035520489e+00 5.576851863221187244e+01 2.100724950635294852e-01 1.828247898500859003e+00 -6.807729849542569767e-01 2.699521665694637029e+00 -2.821865512965492151e+00 -2.217260183531288398e+00 5.646117118405599058e+02
2.179596292578497296e-01 5.004580645872148636e+01 1.829353559465752288e-01 2.778850332213916197e+00 1.730992518253847479e+00 2.665186845970488605e+00 -1.818878420707452204e+00 -3.534731114812004193e+00 6.557372166418957704e+02
1.010760155406722038e+00 5.502672843395982483e+01 4.217315719008602470e-01 1.538584966672872589e+00 -3.856799664610991663e+00 2.738868342491650232e+00 -1.977285972081387566e+00 -4.684879035758341637e+00 5.381520739860675349e+02
4.016615618505445240e-01 5.288411269860040420e+01 5.539367807818890155e-01 2.641383250094642587e+00 -9.895772975868526444e-01 2.592698597431208007e+00 -3.720882041366298854e+00 -7.974097535854587804e+00 6.866865623396497540e+02
3.334667883236780428e-01 4.933913813009645821e+01 1.588603554512264537e-01 2.584024675647551117e+00 -1.248615232665792441e+00 2.186984452809975554e+00 -1.001309563377766665e+00 -7.136958986160806262e+00 5.696626169807309452e+02
1.298998677693219639e+00 5.520239330457562232e+01 3.020550690882886635e-02 2.992142784323956750e+00 -2.689938303785516460e+00 2.538242491726429240e+00 -2.886886294414475529e+00 -6.286698904368133611e+00 6.166216411936607074e+02
1.504404198782857138e+00 4.941431378869859969e+01 1.311902406099715312e-01 1.844702681975652458e+00 3.043473333107993284e-02 2.591802192011161132e+00 -1.690941838652104234e+00 -7.700945110925784931e+00 1.131465911377242577e+02
1.074065186052374887e+00 5.430357400515216426e+01 5.121952772183906433e-01 6.157848256398975595e-01 1.948278572787687679e+00 2.072540467238884965e+00 -6.249883319390647785e-01 -5.531775228973216940e+00 2.545622115785442645e+02
6.394976355151129610e-01 4.720436887019060634e+01 2.551550311778182367e-01 2.352151833075451837e+00 -2.669481415136007563e+00 2.469232464704099961e+00 -2.923803369490734827e+00 -7.998520330356638119e+00 9.564704653722841385e+02
1.105879923815437316e+00 4.867427526655064440e+01 5.023107214640788465e-01 3.035443738674653780e+00 -2.947009885851567645e+00 2.258124697993660224e+00 -2.450329174673514743e+00 -5.035004298600168404e+00 2.424773838670799648e+02
8.369292551115720125e-01 4.923425674210255920e+01 1.779035009498965425e-01 2.211296501567588280e+00 -3.789053418586065369e+00 2.632593908048654896e+00 -2.104158491102238404e+00 -8.507273226247029640e-01 2.187199855266547388e+02
1.121917508017618692e+00 5.398114395535439769e+01 3.244488662548000724e-01 3.086090750322343812e+00 -3.963341488780643296e+00 2.405412987537800973e+00 -2.258685805078030739e+00 -2.291928823939062276e+00 1.148907420551812208e+02
7.026468982904605642e-01 5.038077246569117307e+01 1.980470852383306724e-01 1.445835004662347156e+00 -3.110015135769939931e+00 2.217201890180400703e+00 -4.915664268072261756e-01 -4.769010007748010871e+00 7.876883282688522741e+02
1.391082478671400224e+00 5.430597965143879691e+01 3.598270573866271804e-01 2.887247523074150113e+00 -3.763441474346880256e+00 2.265654861358098238e+00 -1.081520221892910527e+00 -1.650357062474111736e+00 8.263997687171563484e+02
7.252476033734184258e-01 4.762060130087234455e+01 2.754999312378371701e-01 1.720247803842196888e+00 6.648945253500659902e-01 2.353021171486748830e+00 -1.792076502394223336e+00 -2.557539300530140558e+00 7.736351224166375005e+02
1.087617976067685843e+00 4.936753105202291891e+01 4.795674504224386459e-01 1.896362769448638685e+00 -3.741551687963164063e+00 2.280039193828849786e+00 -1.951889970327107093e+00 -6.467291712585949703e+00 3.334591438640452452e+02
1.531214018413699973e+00 5.099933006459182394e+01 4.299089850616075181e-01 1.193066478614792869e+00 -5.444136454943159009e+00 2.333925841225588993e+00 -1.191066684988440372e+00 -4.292276038818974015e+00 8.143480316768617513e+02
1.197128559572960604e+00 5.474396816298570201e+01 2.396000520742284090e-01 2.447524755050613177e+00 1.057951635328792328e+00 2.656264232796835767e+00 -2.616483916983996849e+00 -4.994234102671633480e+00 4.021981550103940890e+02
1.098980539912096432e+00 5.685200305281701105e+01 5.053149357678695663e-01 2.875181025841374360e+00 -3.905937046057842643e+00 2.219874654806749170e+00 -2.063243782264999382e+00 -3.235427069716612536e+00 5.996337981609951839e+02
1.015007240604459238e+00 5.566459265534986400e+01 4.049123026537082004e-01 3.322831652656691226e+00 -1.133991178604419225e+00 2.935581918362374587e+00 -3.704383747273874317e+00 -6.955708187020990252e+00 5.620988048627964417e+02
7.567877709613028969e-01 5.516897160813276457e+01 4.968489363435338868e-01 2.165466921117100707e+00 -4.292972815199063596e+00 2.064748188034962073e+00 -1.140913229049101751e+00 -6.755558095693780629e+00 8.407190020684573710e+02
7.259662325515355841e-01 5.620858137786212438e+01 1.664537104642100085e-01 1.149492212462382978e+00 -3.550491454822291004e-01 2.070779032498671679e+00 -7.482407392990326755e-01 -9.249602480514873548e-02 4.841823957996676313e+02
1.003931107716081295e+00 5.252707500558913978e+01 6.035569186780038731e-01 1.543295777000060154e+00 -2.476803080467616880e+00 2.584307110010393149e+00 -2.844858191201636632e+00 -6.979595916539711453e+00 4.231786006835488934e+02
8.036600766959710596e-01 5.528137673145818098e+01 1.873486529428248781e-01 1.345247338252634872e+00 -8.536892315411366283e-01 2.685469017781445977e+00 -2.898233766628504071e+00 -7.901885498677284403e+00 1.288337344941622291e+02
1.925516023197691717e-01 4.836006244243745300e+01 4.547962217373073268e-01 2.059540211127483200e+00 -5.335630830401971281e+00 2.551965854781942156e+00 -4.310719063818599928e-01 -3.045246714327709547e+00 1.541194401873166271e+02
2.045795231120962343e-01 5.171838655060317080e+01 1.212723296776335447e-01 3.403937855808598645e-01 -3.952819442993730448e+00 2.303055246318010063e+00 -2.832375091148843893e+00 -3.427083896098967131e+00 7.556151546948940450e+02
1.116816208183129211e+00 5.261634301475942976e+01 5.407464600098451646e-01 4.238700214884740802e-01 -5.102082123952974335e+00 2.242440091725241391e+00 -2.161572558513178421e+00 -7.803689750678011627e+00 1.631896934226808753e+02
9.365235640320836996e-01 5.016794509831122184e+01 3.658055489051627585e-01 1.978912590391366688e+00 -4.318569053262749868e+00 2.211772361284784161e+00 -1.594443771492476625e+00 -1.454468018301560583e+00 2.818171995537206840e+02
3.770711636040834924e-01 4.897008056019470956e+01 1.792092545863876452e-01 1.931183611288470825e+00 -1.460405248039171155e+00 2.190739411887073107e+00 -1.093821486283121924e+00 -6.923707430030876075e+00 6.853705817797831514e+02
1.357778544749858929e+00 5.195829322671037431e+01 3.152256609226278816e-01 1.374988455244609220e+00 -3.005857949554596509e+00 2.618256405308406087e+00 -1.558354748488870012e+00 -3.046905149905816401e-01 1.879186160353327750e+02
7.873224138023365848e-02 5.477659230294990778e+01 3.339012708054698853e-01 3.447602029909889065e+00 -2.506025504202526122e+00 2.770407798422662271e+00 -3.440784924098702735e+00 -5.051068321157454299e+00 8.900861439373818484e+02
1.287415711147866793e+00 5.202046509770526228e+01 3.504111225819032116e-01 1.113246823234457672e+00 5.187867973696560497e-01 2.062588667086525884e+00 -5.591141785799464969e-01 -4.608176500762573014e-01 6.774628704909323460e+02
8.516703017073624649e-01 5.399109382541408308e+01 1.427010524998889862e-01 3.374626296235514467e+00 6.633261344028431594e-01 2.313272435273018512e+00 -3.185899654255746061e+00 -6.734452024764925326e-01 7.926605073528772891e+02
9.553063669059105312e-01 5.569098788482675388e+01 4.624428973230034212e-01 1.471704527143692376e+00 -3.982660246299620788e+00 2.094735864217000643e+00 -2.101659198885191593e+00 -4.023451231565962516e+00 9.036023789706842990e+02
4.623361742091239845e-01 4.797638496883642745e+01 5.259268199241566855e-01 2.068138458922796019e+00 -3.639989672847333324e+00 2.612781627193958567e+00 -3.782844663310922506e+00 -5.981378495490749181e+00 8.775987215077836936e+02
1.259771810275730930e+00 5.316140294701004620e+01 1.256887800576787506e-01 2.722455844180869722e+00 -2.753636369880558377e+00 2.971796249038419102e+00 -1.078587338643875793e+00 -4.724152463837791416e+00 2.512189143736983965e+02
1.124891184410840239e+00 5.607162176197851977e+01 2.385477909643327621e-01 2.834313496613204197e+00 -8.349956399773290627e-01 2.102888373139755629e+00 -3.588531317866615389e+00 -4.379466767033659558e+00 8.457346280415837327e+02
1.235844234192033042e+00 4.900733130034883800e+01 3.911522727282929490e-01 7.625513803305281613e-01 1.031384394751633238e-01 2.112378977401152991e+00 -2.365626390283142033e+00 -7.209433189873717396e+00 6.070509933013369164e+02
5.470603421649921083e-01 4.940772886921611473e+01 4.918521481239292170e-02 3.182185677807548796e+00 -5.207827698694114105e+00 2.598756147266261696e+00 -3.931688714452191036e+00 -5.348375399985140000e+00 7.798935040235661518e+02
1.034782819483147653e+00 5.036834249653291806e+01 4.176628079025316298e-01 4.650955241409497343e-01 -1.150395462688650561e+00 2.376902427010827434e+00 -1.006761225606226162e+00 -7.136803090838450103e+00 7.740941705474550645e+02
3.234844219301691304e-01 5.228684668127738178e+01 4.865091284798218063e-01 2.179550021876506705e+00 -3.579692650709110247e+00 2.915668958758080631e+00 -1.102733010083802867e-01 -2.225166340694495482e+00 7.438984110740835831e+02
6.590699663294883326e-01 5.348894856313334145e+01 6.218395137160306341e-01 1.185499690528875938e+00 -3.052014557878743872e+00 2.704618691484452331e+00 -1.560444996478679514e+00 -4.395786882832111608e+00 4.772580443018098890e+02
1.561702601338269769e+00 5.105348634897993065e+01 7.473429868481157312e-02 1.154903146588818652e+00 -4.832015503541446044e+00 2.813365565350884889e+00 -5.586074799163864846e-01 -6.494133738126556921e+00 2.122159990695733995e+02
8.419564736810610794e-01 4.934004896181208721e+01 1.441450246333857155e-01 4.252045781571993643e-01 9.293414114752751587e-01 2.498642114142157755e+00 -1.186708587592886666e+00 -3.760606059379213661e+00 9.156917261393209628e+02
6.368327408644594012e-01 5.230735571824479990e+01 4.042299006717900434e-01 1.489573409336428789e+00 1.787353638206061746e+00 2.951430189721648834e+00 -3.616007576788285327e+00 -6.279910234644264122e+00 7.810966205915760838e+02
8.176303576840392162e-02 4.867767746136227203e+01 8.449624162930195748e-02 2.337354480207980867e+00 -3.848603843880954223e+00 2.346749118889785546e+00 -1.740870120174216940e+00 -3.389515990539209156e-01 3.341485551009636765e+02
1.323483988898978891e+00 5.382956439428811990e+01 3.096861049578861907e-02 2.139846106308301632e+00 -4.595343818086201182e+00 2.308669436049310519e+00 -2.013370700603703156e+00 -3.536946213982026244e+00 9.430555290043189416e+02
1.357528125340421665e+00 5.532988453218190017e+01 1.315849113744111398e-01 2.370478601063805257e+00 2.474843816280447584e-02 2.248941026697282020e+00 -2.698370250666882075e+00 -4.110715310782504517e-01 7.431994164016490458e+02
8.421953863425926112e-01 5.423193328766735988e+01 1.681157253184983880e-01 2.377229624393883967e+00 -6.924362601942393169e-01 2.187885423142561514e+00 -1.661910870503756632e-01 -5.115036232259501103e-01 2.602450431836215330e+02
1.015419451964474806e+00 5.022044241972535872e+01 7.629752453234260601e-02 3.442203792553284014e+00 -3.924073580981132459e+00 2.627721515050289725e+00 -1.561651044505304176e-01 -5.345680843408752159e-01 5.969667877869949280e+02
4.290493878244150405e-01 5.187384682462970886e+01 3.754266895930050696e-01 3.358050934047334124e+00 -1.618008103801445330e+00 2.223541893144088899e+00 -1.262670099234211474e+00 -4.255346673629985865e+00 2.389405875553421197e+02
6.132134497917245408e-01 5.616172850186246279e+01 5.875735736476683790e-01 2.283487066730712556e+00 1.224996822673512398e+00 2.408249198411150260e+00 -3.233503835520780800e+00 -2.784964202585938686e+00 8.266844218233687798e+02
6.170527972780420756e-01 5.302252187826725560e+01 4.032614287545623899e-01 9.940271545522481045e-01 -1.123198507558660353e-01 2.276337155799764922e+00 -2.748784847521754671e-01 -2.451847851647976917e+00 4.505350914605072035e+02
4.425785125811189658e-01 5.473969161976414455e+01 5.294673235825272384e-01 9.288280781893725191e-01 -5.721204520084212319e+00 2.229818258916521412e+00 -6.967217099147968717e-01 -7.143181343850928400e-01 3.994402512233732523e+02
1.453293132077443595e+00 4.724271529365913125e+01 8.588048651437703296e-02 1.682687463493498514e+00 -3.854908586594660846e+00 2.408908675469513483e+00 -9.609236329812116395e-01 -2.232353715063434052e+00 2.626677286054252818e+02
9.699772026552602178e-01 5.532905681658574792e+01 2.022742952728716626e-01 2.031907695672019898e+00 -3.323842472696920680e-01 2.218476630027273355e+00 -2.122806887062494319e+00 -6.203641909049271597e+00 6.933214399340189402e+02
7.093696578699042465e-01 5.257885151146137304e+01 3.026545650509895879e-01 3.164984629575955832e+00 -3.268730837750720042e+00 2.759105256381953808e+00 -4.648371289638757453e-01 -1.456024018366838924e+00 5.098487437801842930e+02
8.766155689548272845e-01 5.534397144284287151e+01 3.864886855089336160e-01 8.387296011699456599e-01 -6.851249337984786081e-01 2.263965217901403371e+00 -3.147089194420463532e+00 -4.964115530477285709e+00 3.281457583233247419e+02
1.075937300366944127e+00 5.283531011430071800e+01 3.170669802953900995e-01 2.811905483646927273e+00 -4.342031965804533655e-01 2.115303215960393057e+00 -1.686466574168997923e+00 -6.216595675328751014e-02 6.896023952165741093e+02
9.506284768793225037e-01 4.893478718433921415e+01 2.698354664177610718e-01 2.187452509670307244e+00 -5.855031557277755816e+00 2.670332755268455927e+00 -3.693344361091681627e-01 -2.124304418566959285e+00 9.359434449780598015e+02
4.354400222992051428e-01 5.306109550905561889e+01 5.150559308887296961e-01 2.106443662397281535e+00 -1.181387282553470364e+00 2.055055545839209241e+00 -1.684226382051024373e+00 -6.124356100093813815e+00 8.856664366956779304e+02
5.402488710641545344e-01 5.053164873164465121e+01 1.507337603107976320e-01 2.364748404019216377e+00 -1.420751225210318935e+00 2.370058459734165623e+00 -3.413896073314456103e+00 -4.061660654082022148e+00 7.283758923652341082e+02
1.037423449401991604e+00 5.224754549596417519e+01 1.628002579915145132e-01 2.183439553838772973e+00 -3.987282568076444988e+00 2.428408875023162938e+00 -2.769522394433650447e+00 -7.889882500680077904e+00 7.278467168436978909e+02
5.857869332567238185e-01 4.740269753730115809e+01 2.220761464105195926e-01 3.489497738100061586e+00 -5.899599816405189934e+00 2.588020479709709054e+00 -3.514818159511573725e+00 -2.515028610699510558e+00 6.750833606038290782e+02
1.567447117082952257e+00 5.022787626989045862e+01 2.857726887299948393e-01 1.324740397585451701e+00 -3.001740848002311779e+00 2.190268743563055676e+00 -1.092031633260261092e+00 -5.300005012655541137e+00 7.999100287942641216e+02
1.379946362920738911e+00 5.091511817332018808e+01 5.389029393306964122e-02 2.428094689363244629e-01 3.874742847756325048e-01 2.604251911292330135e+00 -2.778290685709194019e+00 -2.978151965856925543e-01 3.510973007309119680e+02
1.520168558904911871e+00 5.664273750907241833e+01 5.586805453754142281e-01 1.685130710177175306e+00 -2.953157448943177776e+00 2.176219120770865878e+00 -3.275529074403533691e-01 -6.055799453992700698e+00 7.464865786511446686e+02
6.652935476433846640e-01 4.933033370048722333e+01 3.047397906957088343e-01 1.962637328624287747e+00 -4.401398581536190235e+00 2.658535721960490594e+00 -1.454969539528272460e+00 -6.383602776955606295e+00 3.774243254605410129e+02
7.308549521863932918e-01 5.093493207873098072e+01 1.674412160870914212e-01 7.658171818930057384e-01 -2.509271914412630089e+00 2.010232715642294554e+00 -2.232852388525867759e-01 -1.850903108106133566e+00 9.518915707911723985e+02
1.202992935633227789e-01 4.999245826822205174e+01 1.845218953715658528e-01 3.245544702205009013e+00 -3.531946276052384981e+00 2.349081565932540805e+00 -3.904467836722984142e+00 -4.025967637650234465e+00 9.832595886160974032e+02
9.930782340118491369e-01 4.801996687775438488e+01 1.618511448015320653e-01 1.974249076644932321e+00 -5.790431863374075228e+00 2.761798025964353975e+00 -1.769112737893927090e+00 -6.619257680384625253e+00 7.056632012376818466e+02
1.537522329708620905e+00 5.541872546131889976e+01 5.978836543606370624e-01 1.665459310338288423e+00 1.850738957781087990e+00 2.199412912001409204e+00 -3.734519924393613799e+00 -5.233585941400264119e+00 7.344906339552815098e+02
7.151694574258418147e-01 4.863912913502097268e+01 2.805806677986059650e-01 3.246944502047592440e+00 -2.267712585873741915e+00 2.233377276639540110e+00 -3.199229733244820739e+00 -3.522722868381674921e+00 7.683122944481311833e+02
1.111832451732943927e-01 5.373918036199061987e+01 8.707786470892217578e-02 1.615347045807150828e+00 1.930537627026807534e+00 2.426542239049661820e+00 -2.802403704216423819e+00 -5.872825744929542680e+00 6.067581253937796646e+02
1.223816877673409076e+00 5.359582539573847981e+01 2.126601991492031718e-01 3.246112697935439773e+00 -3.197544441087424971e+00 2.858233445850120624e+00 -2.582820951263295584e+00 -6.391611730784946488e+00 1.991868452094959991e+02
1.156802480292418167e-01 4.716692890057290555e+01 3.428636964066382742e-01 2.387246336738631236e-01 1.613253715881766581e+00 2.640681749822568758e+00 -3.066393856134111751e+00 -5.139593626242031199e+00 7.934694191886344470e+02
1.842965205198302536e-01 5.437325998560039864e+01 1.344315488249746837e-01 1.603442745230075017e+00 -1.903230018376387278e+00 2.484863522126213198e+00 -8.647282273323844137e-01 -6.374073482912828048e+00 5.423481532258376774e+02
1.161183434481779381e-01 4.905905473489127644e+01 5.212454142477204178e-01 9.455759301662378657e-01 9.901346092996829995e-01 2.629530803847704323e+00 -3.700802124417150729e+00 -2.804030853382002419e+00 1.320198477479422650e+02
6.177326420994987410e-01 5.449288981079529037e+01 4.544240637965586416e-01 5.604165763612325435e-01 1.771446815970991295e+00 2.412916457294080885e+00 -2.521967776368980285e+00 -1.483917795898086034e+00 6.235445301702451388e+02
2.536887953077798796e-01 5.123920298198492418e+01 2.380791929376117055e-01 2.024838244456121372e-01 -5.559318570901647938e+00 2.963931291036158377e+00 -8.218911589226269854e-01 -7.177875991527050914e+00 9.334001392815431473e+02
5.648858330187883636e-01 5.073555197912381232e+01 9.229102466085810363e-02 5.488556233611451285e-01 -3.910191543593596109e+00 2.441411592628333072e+00 -1.723561416257034740e+00 -1.301977766322023555e+00 2.484456929738184954e+02
5.470532784139001126e-02 4.759807085539141980e+01 1.157583830453531998e-01 4.235290615666395531e-01 -1.795153196888611191e+00 2.784977513172473884e+00 -4.552755378102957273e-01 -4.548786786407459815e+00 2.363128277846999197e+02
8.493757117865272654e-01 5.086335505425110881e+01 4.137651226817796180e-01 1.992882184290167835e+00 -1.648898944581850934e+00 2.446116645023695302e+00 -2.207507392755636566e-01 -4.638769332933659229e+00 6.625766670550244726e+02
1.047744138089319321e+00 5.272709926148795745e+01 2.169872909339060629e-01 6.015968961668376469e-01 1.346126354807206660e+00 2.778550292608270134e+00 -3.449047799531415937e+00 -4.338398488381251639e+00 2.945539940476252241e+02
5.180673034786100750e-01 4.896166630751250892e+01 4.378731317310224913e-01 6.870878409584295632e-01 -3.200738479664181568e+00 2.819677433408854128e+00 -1.676449325650478883e+00 -8.467936265493110071e-01 5.050071381195324420e+02
1.344294323936961133e+00 5.618602266974696136e+01 3.929911511559511794e-01 3.417594997537202417e+00 1.686580336989007556e+00 2.384006178136831799e+00 -3.556846659675887867e+00 -6.146639492100182345e+00 7.662218783866313743e+02
4.815422995454998190e-01 4.845035553847304044e+01 2.101006631717804440e-01 2.252760964022076262e+00 -1.685148221223887965e+00 2.669125289287388902e+00 -2.650739195944982640e+00 -5.830844882505031634e+00 4.583424471326273988e+02
6.619611794636066637e-01 4.701073070146367172e+01 4.840514250287010767e-01 7.490535068602495183e-01 -1.281025467999509004e+00 2.513432730002112869e+00 -1.332954917774481274e+00 -5.826889365485198979e+00 2.738175444828601144e+02
1.222827713343930256e+00 5.158084438089026946e+01 2.336903221887664805e-01 2.398406790403863342e-01 -5.977101182779467337e-01 2.119467934547952126e+00 -2.997060625385818078e+00 -1.468354338674257242e+00 3.697467167251154478e+02
