9.987639784812927246e-01 7.738133519887924194e-02 6.537346839904785156e-01 6.779506802558898926e-01 6.326293349266052246e-01 6.610280275344848633e-01 7.568560242652893066e-01 5.202506780624389648e-01 2.452573329210281372e-01
1.295959949493408203e-01 8.530986905097961426e-01 6.279333680868148804e-02 4.615066647529602051e-01 8.665506839752197266e-01 4.303466677665710449e-01 9.754800051450729370e-02 8.642133325338363647e-02 2.930666804313659668e-01
9.917266368865966797e-01 9.770560264587402344e-01 8.461573123931884766e-01 6.850519776344299316e-01 4.875013232231140137e-01 9.614999890327453613e-01 6.874053478240966797e-01 3.967080116271972656e-01 9.777946472167968750e-01
6.341693401336669922e-01 2.091066725552082062e-02 9.894973039627075195e-01 9.028373360633850098e-01 4.585986733436584473e-01 1.940000057220458984e-02 6.583866477012634277e-01 9.295466542243957520e-01 2.320680022239685059e-01
2.696000039577484131e-02 6.088826656341552734e-01 1.212226673960685730e-01 9.894520044326782227e-01 7.192800194025039673e-02 9.410773515701293945e-01 9.262786507606506348e-01 4.623279869556427002e-01 6.027999799698591232e-03
5.374253392219543457e-01 2.252266742289066315e-02 8.759013414382934570e-01 3.761106729507446289e-01 1.722373366355895996e-01 6.654267013072967529e-02 3.383800089359283447e-01 8.974306583404541016e-01 2.029786705970764160e-01
1.325893402099609375e-01 7.734866738319396973e-01 1.263733357191085815e-01 5.765426754951477051e-01 1.576653271913528442e-01 6.071919798851013184e-01 7.366133481264114380e-02 6.558773517608642578e-01 9.256226420402526855e-01
4.573533236980438232e-01 7.903879880905151367e-01 4.160586595535278320e-01 2.279773354530334473e-01 8.243439793586730957e-01 6.646680235862731934e-01 3.728213310241699219e-01 2.387533336877822876e-01 3.731519877910614014e-01
6.567519903182983398e-01 7.205879688262939453e-01 1.361746639013290405e-01 7.697960138320922852e-01 7.767653465270996094e-01 6.477853059768676758e-01 9.009919762611389160e-01 2.142159938812255859e-01 6.482359766960144043e-01
6.897186636924743652e-01 4.377613365650177002e-01 5.958013534545898438e-01 5.468119978904724121e-01 4.505826532840728760e-01 7.661986351013183594e-01 7.620333433151245117e-01 4.519479870796203613e-01 4.443053305149078369e-01
8.890933543443679810e-02 6.038680076599121094e-01 4.715586602687835693e-01 6.995813250541687012e-01 1.691199988126754761e-01 7.806053161621093750e-01 2.159866690635681152e-02 7.984759807586669922e-01 7.510133087635040283e-02
9.467599987983703613e-01 1.388799957931041718e-02 9.754453301429748535e-01 7.382919788360595703e-01 4.688426554203033447e-01 6.971186399459838867e-01 9.951386451721191406e-01 2.075866609811782837e-01 5.872000008821487427e-03
4.124693274497985840e-01 4.825226664543151855e-01 7.239106893539428711e-01 9.021706581115722656e-01 5.301079750061035156e-01 4.999413192272186279e-01 7.480559945106506348e-01 3.728733360767364502e-01 3.057520091533660889e-01
1.640533357858657837e-01 5.520906448364257812e-01 1.654493361711502075e-01 4.737693369388580322e-01 1.208000034093856812e-01 3.131173253059387207e-01 1.432866603136062622e-01 8.989506363868713379e-01 8.048200011253356934e-01
1.119519993662834167e-01 9.350573420524597168e-01 1.054213345050811768e-01 4.743919968605041504e-01 6.499599665403366089e-02 2.492946684360504150e-01 3.403333202004432678e-02 9.237560033798217773e-01 9.753159880638122559e-01
9.942160248756408691e-01 7.503119707107543945e-01 9.801413416862487793e-01 8.853653073310852051e-01 6.694039702415466309e-01 6.704773306846618652e-01 7.249026894569396973e-01 3.864973187446594238e-01 8.915146589279174805e-01
3.344213366508483887e-01 8.500373363494873047e-01 3.154826760292053223e-01 6.275159716606140137e-01 4.328680038452148438e-01 5.750173330307006836e-01 4.234319925308227539e-01 1.844493299722671509e-01 1.120266690850257874e-02
1.362800039350986481e-02 9.184853434562683105e-01 6.893733143806457520e-02 9.307733178138732910e-02 9.361333213746547699e-03 3.396799862384796143e-01 3.147599995136260986e-01 5.435733199119567871e-01 6.929626464843750000e-01
5.372800230979919434e-01 9.166266769170761108e-02 4.684986770153045654e-01 8.484026789665222168e-01 1.962399929761886597e-01 3.364586532115936279e-01 4.395813345909118652e-01 8.358466625213623047e-01 3.935293257236480713e-01
2.343706637620925903e-01 9.799653291702270508e-01 2.281360030174255371e-01 4.034439921379089355e-01 3.566546738147735596e-01 2.796226739883422852e-01 2.065600082278251648e-02 3.463933467864990234e-01 8.419026732444763184e-01
5.809253454208374023e-01 6.106706857681274414e-01 5.949440002441406250e-01 1.437786668539047241e-01 8.896506428718566895e-01 3.076840043067932129e-01 3.770293295383453369e-01 2.726466655731201172e-01 4.126133397221565247e-02
1.190666691400110722e-03 9.485586881637573242e-01 7.693333318457007408e-04 2.014759927988052368e-01 1.900000032037496567e-03 7.636160254478454590e-01 2.835600078105926514e-02 5.867093205451965332e-01 7.356359958648681641e-01
8.971160054206848145e-01 1.327306628227233887e-01 2.926000058650970459e-01 8.004760146141052246e-01 3.706453442573547363e-01 5.338893532752990723e-01 7.458333373069763184e-01 7.966693043708801270e-01 3.883866667747497559e-01
6.209733486175537109e-01 1.889693289995193481e-01 4.538133367896080017e-02 6.341906785964965820e-01 2.725560069084167480e-01 9.951706528663635254e-01 9.961306452751159668e-01 8.639799952507019043e-01 7.291160225868225098e-01
4.463613331317901611e-01 5.652053356170654297e-01 8.829333633184432983e-02 5.298813581466674805e-01 4.106853306293487549e-01 1.517106592655181885e-01 5.192186832427978516e-01 5.791933536529541016e-01 9.107026457786560059e-01
6.008960008621215820e-01 1.507679969072341919e-01 9.822866916656494141e-01 4.486413300037384033e-01 5.654266476631164551e-01 6.512386798858642578e-01 6.121839880943298340e-01 4.129053354263305664e-01 2.045933306217193604e-01
4.362093210220336914e-01 1.059800013899803162e-01 1.919186711311340332e-01 8.957613110542297363e-01 5.358399823307991028e-02 4.423680007457733154e-01 8.138986825942993164e-01 9.353146553039550781e-01 9.949733018875122070e-01
9.858786463737487793e-01 4.354399815201759338e-02 1.475893259048461914e-01 7.958293557167053223e-01 7.025253176689147949e-01 3.241280019283294678e-01 9.970813393592834473e-01 5.776973366737365723e-01 2.646533399820327759e-02
3.167546689510345459e-01 7.775306701660156250e-01 8.129999786615371704e-02 3.569666743278503418e-01 8.134746551513671875e-01 5.668506622314453125e-01 6.362400054931640625e-01 1.502893269062042236e-01 1.674573272466659546e-01
6.445066630840301514e-02 3.886186778545379639e-01 7.226800173521041870e-02 3.316426575183868408e-01 2.232666611671447754e-01 1.768666654825210571e-01 6.147679686546325684e-01 6.694120168685913086e-01 3.302893340587615967e-01
1.804880052804946899e-01 3.850266635417938232e-01 7.853786349296569824e-01 1.012879982590675354e-01 4.542013406753540039e-01 4.076119959354400635e-01 4.831680059432983398e-01 5.319813489913940430e-01 3.849253356456756592e-01
6.388639807701110840e-01 1.722226589918136597e-01 9.151826500892639160e-01 3.065080046653747559e-01 7.413079738616943359e-01 5.116866827011108398e-01 2.362360060214996338e-01 2.587666511535644531e-01 3.714533448219299316e-01
1.400866657495498657e-01 7.930533289909362793e-01 1.069373339414596558e-01 5.750333070755004883e-01 6.581640243530273438e-01 9.771639704704284668e-01 7.490839958190917969e-01 8.726933598518371582e-02 2.501226663589477539e-01
4.117920100688934326e-01 5.665746927261352539e-01 8.467413187026977539e-01 3.339013457298278809e-01 4.527533352375030518e-01 7.912466526031494141e-01 2.588026523590087891e-01 4.259106516838073730e-01 3.739039897918701172e-01
5.132266506552696228e-02 6.890186667442321777e-01 1.314159929752349854e-01 6.387280225753784180e-01 2.411373257637023926e-01 4.799013435840606689e-01 7.047399878501892090e-01 5.922306776046752930e-01 8.271386623382568359e-01
8.334239721298217773e-01 6.133199930191040039e-01 2.732013463973999023e-01 9.475026726722717285e-01 9.631440043449401855e-01 2.855213284492492676e-01 3.708373308181762695e-01 1.577346622943878174e-01 9.632866382598876953e-01
1.992280036211013794e-01 1.767599955201148987e-02 9.676786661148071289e-01 7.100666314363479614e-02 2.637733332812786102e-02 5.890133380889892578e-01 1.270466595888137817e-01 9.239919781684875488e-01 1.716986596584320068e-01
4.538706541061401367e-01 5.074626803398132324e-01 4.970266520977020264e-01 7.690253257751464844e-01 5.331360101699829102e-01 7.653946876525878906e-01 6.209560036659240723e-01 3.782706558704376221e-01 6.669813394546508789e-01
6.460800021886825562e-02 4.805626571178436279e-01 1.595586687326431274e-01 4.776400029659271240e-01 3.318026661872863770e-01 7.930493354797363281e-01 7.144213318824768066e-01 4.136799871921539307e-01 2.353893369436264038e-01
4.511693418025970459e-01 6.910653114318847656e-01 2.420933395624160767e-01 6.843280196189880371e-01 6.428826451301574707e-01 2.214466631412506104e-01 6.165706515312194824e-01 3.851826786994934082e-01 7.749093174934387207e-01
9.534266591072082520e-02 4.088920056819915771e-01 5.612653493881225586e-01 4.161866754293441772e-02 8.414667099714279175e-03 4.826493263244628906e-01 6.873333360999822617e-03 9.621066451072692871e-01 4.951373338699340820e-01
4.709986746311187744e-01 4.299519956111907959e-01 4.477426707744598389e-01 9.286760091781616211e-01 5.521666407585144043e-01 6.321226358413696289e-01 7.315160036087036133e-01 3.134133219718933105e-01 5.857453346252441406e-01
7.812933623790740967e-02 7.704400271177291870e-02 9.136959910392761230e-01 1.884000026620924473e-03 6.101999804377555847e-02 4.070626795291900635e-01 4.831559956073760986e-01 9.413853287696838379e-01 2.047600038349628448e-02
5.035346746444702148e-01 6.270880103111267090e-01 3.406866788864135742e-01 5.511999726295471191e-01 5.816320180892944336e-01 2.228333353996276855e-01 4.441253244876861572e-01 4.677546620368957520e-01 5.235520005226135254e-01
5.603879690170288086e-01 8.897986412048339844e-01 3.043466620147228241e-02 7.160813212394714355e-01 8.813013434410095215e-01 4.250866770744323730e-01 4.130600094795227051e-01 3.317413330078125000e-01 7.356253266334533691e-01
1.165200024843215942e-02 4.833120107650756836e-01 9.649693369865417480e-01 8.155999705195426941e-03 5.341333337128162384e-03 8.199426531791687012e-01 8.493333123624324799e-03 9.671999812126159668e-01 5.111573338508605957e-01
9.678266644477844238e-01 3.673266768455505371e-01 5.265826582908630371e-01 2.735866606235504150e-01 8.557559847831726074e-01 3.460613191127777100e-01 9.676520228385925293e-01 2.135439962148666382e-01 3.437466546893119812e-02
6.606760025024414062e-01 1.880346685647964478e-01 2.877453267574310303e-01 6.138653159141540527e-01 6.960613131523132324e-01 3.542786538600921631e-01 7.396839857101440430e-01 5.987679958343505859e-01 1.432706713676452637e-01
9.454320073127746582e-01 8.315320014953613281e-01 9.284373521804809570e-01 2.430119961500167847e-01 8.943533301353454590e-01 8.803773522377014160e-01 4.153413176536560059e-01 9.904000163078308105e-02 9.936320185661315918e-01
0.000000000000000000e+00 9.992093443870544434e-01 0.000000000000000000e+00 2.969026565551757812e-01 1.134866699576377869e-01 7.723760008811950684e-01 0.000000000000000000e+00 3.097906708717346191e-01 7.940853238105773926e-01
5.264133214950561523e-02 5.472693443298339844e-01 4.692946672439575195e-01 3.766320049762725830e-01 1.001800000667572021e-01 3.938413262367248535e-01 2.377466708421707153e-01 8.615053296089172363e-01 7.959319949150085449e-01
1.471533328294754028e-01 3.034920096397399902e-01 3.258039951324462891e-01 6.885679960250854492e-01 4.820893406867980957e-01 1.317533403635025024e-01 5.048533082008361816e-01 2.476159930229187012e-01 6.740480065345764160e-01
3.789146542549133301e-01 4.508399963378906250e-02 6.433653235435485840e-01 2.559880018234252930e-01 2.912426590919494629e-01 2.351933270692825317e-01 1.802680045366287231e-01 9.208146929740905762e-01 4.862000048160552979e-02
1.000000000000000000e+00 8.333946466445922852e-01 1.000000000000000000e+00 8.182746767997741699e-01 8.120213150978088379e-01 6.817466616630554199e-01 7.396360039710998535e-01 2.071920037269592285e-01 8.637359738349914551e-01
6.817759871482849121e-01 6.709786653518676758e-01 7.156666368246078491e-02 1.768546700477600098e-01 9.268053174018859863e-01 3.493546545505523682e-01 8.598453402519226074e-01 1.454840004444122314e-01 1.371400058269500732e-01
9.046440124511718750e-01 9.396973252296447754e-01 4.717746675014495850e-01 4.815693199634552002e-01 7.565586566925048828e-01 5.059933066368103027e-01 5.705773234367370605e-01 1.509186625480651855e-01 9.298546910285949707e-01
9.628186821937561035e-01 1.505213379859924316e-01 9.276279807090759277e-01 6.003986597061157227e-01 6.711186766624450684e-01 5.130973458290100098e-01 8.961493372917175293e-01 4.605199992656707764e-01 2.313160002231597900e-01
6.770520210266113281e-01 6.206600069999694824e-01 1.104346662759780884e-01 9.457160234451293945e-01 9.168360233306884766e-01 1.930959969758987427e-01 8.719746470451354980e-01 8.866667002439498901e-02 7.791853547096252441e-01
8.734666742384433746e-03 1.800879985094070435e-01 3.361079990863800049e-01 5.689973235130310059e-01 1.121093332767486572e-01 1.142786666750907898e-01 5.207600072026252747e-02 9.126373529434204102e-01 8.018720149993896484e-01
7.643346786499023438e-01 3.173226714134216309e-01 5.301200151443481445e-01 4.829786717891693115e-01 5.371080040931701660e-01 3.501373231410980225e-01 6.139946579933166504e-01 5.429159998893737793e-01 3.511973321437835693e-01
3.229266703128814697e-01 2.630000114440917969e-01 4.763333201408386230e-01 3.862266540527343750e-01 2.325653284788131714e-01 1.461533308029174805e-01 2.111359983682632446e-01 9.392613172531127930e-01 3.994546532630920410e-01
9.646666795015335083e-02 5.497279763221740723e-01 5.400720238685607910e-01 6.611253023147583008e-01 6.019759774208068848e-01 4.589013457298278809e-01 3.844999969005584717e-01 4.572879970073699951e-01 1.664440035820007324e-01
5.028479695320129395e-01 1.185733303427696228e-01 6.378093361854553223e-01 6.430386900901794434e-01 5.398719906806945801e-01 2.089946717023849487e-01 4.068506658077239990e-01 7.039373517036437988e-01 5.710866451263427734e-01
9.446133375167846680e-01 3.160453438758850098e-01 3.847626745700836182e-01 9.980813264846801758e-01 1.699213385581970215e-01 7.921159863471984863e-01 5.968973040580749512e-01 7.745266556739807129e-01 5.884946584701538086e-01
3.919573426246643066e-01 4.523626565933227539e-01 1.664626598358154297e-01 8.759093284606933594e-01 3.538866639137268066e-01 8.337000012397766113e-01 7.671306729316711426e-01 6.019306778907775879e-01 8.087333440780639648e-01
9.718440175056457520e-01 4.366639852523803711e-01 9.675800204277038574e-01 3.388533368706703186e-02 9.052879810333251953e-01 5.226879715919494629e-01 8.925253152847290039e-01 1.830479949712753296e-01 1.514706611633300781e-01
5.045679807662963867e-01 9.779386520385742188e-01 6.112466454505920410e-01 3.222399950027465820e-02 9.463480114936828613e-01 3.027773201465606689e-01 5.468533039093017578e-01 2.313066646456718445e-02 2.759746611118316650e-01
3.701906800270080566e-01 2.383013367652893066e-01 3.956026732921600342e-01 8.624906539916992188e-01 1.015546694397926331e-01 3.090733289718627930e-01 4.061680138111114502e-01 8.404813408851623535e-01 8.462906479835510254e-01
9.833506345748901367e-01 1.675920039415359497e-01 9.893026351928710938e-01 1.802133396267890930e-02 9.668386578559875488e-01 4.851613342761993408e-01 7.770239710807800293e-01 1.751053333282470703e-01 5.559999961405992508e-03
5.193213224411010742e-01 4.004986584186553955e-01 5.779839754104614258e-01 6.357759833335876465e-01 6.219413280487060547e-01 4.531013369560241699e-01 6.156039834022521973e-01 4.733866751194000244e-01 4.546599984169006348e-01
6.809160113334655762e-01 3.388586640357971191e-01 3.408119976520538330e-01 9.591226577758789062e-01 3.440373241901397705e-01 3.376800119876861572e-01 4.232226610183715820e-01 7.223026752471923828e-01 1.597373336553573608e-01
1.050480008125305176e-01 5.096079707145690918e-01 2.959559857845306396e-01 7.061333060264587402e-01 8.580800145864486694e-02 1.904893368482589722e-01 5.773013234138488770e-01 7.523573040962219238e-01 9.909386634826660156e-01
1.131599992513656616e-01 6.555039882659912109e-01 2.353466674685478210e-02 8.725973367691040039e-01 2.844879925251007080e-01 7.748399674892425537e-02 8.228133618831634521e-02 7.658533453941345215e-01 2.286853343248367310e-01
4.025413393974304199e-01 2.721360027790069580e-01 2.845706641674041748e-01 6.317053437232971191e-01 2.737933397293090820e-01 3.525293469429016113e-01 3.241240084171295166e-01 7.752053141593933105e-01 9.597946405410766602e-01
1.236160025000572205e-01 1.993013322353363037e-01 4.841586649417877197e-01 2.225800007581710815e-01 2.048413306474685669e-01 6.112546920776367188e-01 6.200773119926452637e-01 7.179133296012878418e-01 2.229999937117099762e-02
5.139533281326293945e-01 3.183333277702331543e-01 7.219426631927490234e-01 8.378586769104003906e-01 1.020239964127540588e-01 2.139333337545394897e-01 7.905933260917663574e-01 5.488226413726806641e-01 5.959813594818115234e-01
9.594119787216186523e-01 1.693333312869071960e-02 8.861493468284606934e-01 9.999533295631408691e-01 1.722466647624969482e-01 6.446573138236999512e-01 9.742826819419860840e-01 8.835840225219726562e-01 3.482053279876708984e-01
9.957119822502136230e-01 5.910386443138122559e-01 1.667973399162292480e-01 9.873759746551513672e-01 9.909413456916809082e-01 2.531400024890899658e-01 4.666106700897216797e-01 1.258826702833175659e-01 5.894293189048767090e-01
6.660666465759277344e-01 9.104266762733459473e-02 4.844599962234497070e-01 7.654706835746765137e-01 9.837226867675781250e-01 8.417666554450988770e-01 9.876306653022766113e-01 1.009999960660934448e-02 1.060399971902370453e-02
6.803066730499267578e-01 6.036599874496459961e-01 6.068333387374877930e-01 9.057746529579162598e-01 2.133959978818893433e-01 5.065986514091491699e-01 4.280933439731597900e-01 8.298373222351074219e-01 7.109879851341247559e-01
9.520360231399536133e-01 5.843120217323303223e-01 7.768080234527587891e-01 2.439866662025451660e-01 9.093013405799865723e-01 5.046600103378295898e-01 1.804626733064651489e-01 5.133706927299499512e-01 4.576320052146911621e-01
3.509359955787658691e-01 2.774106562137603760e-01 2.582146525382995605e-01 5.970706939697265625e-01 3.169013261795043945e-01 4.049733281135559082e-01 7.672386765480041504e-01 6.883959770202636719e-01 5.242040157318115234e-01
8.190653324127197266e-01 7.741413116455078125e-01 8.573653101921081543e-01 3.228533267974853516e-01 4.632306694984436035e-01 4.902040064334869385e-01 3.838746547698974609e-01 4.472573399543762207e-01 9.065453410148620605e-01
8.134506940841674805e-01 2.182813286781311035e-01 2.684666514396667480e-01 9.000186920166015625e-01 2.252413332462310791e-01 4.838013350963592529e-01 5.917000174522399902e-01 7.466106414794921875e-01 7.161626815795898438e-01
3.986626565456390381e-01 2.167119979858398438e-01 3.920400142669677734e-02 9.582306742668151855e-01 2.840426564216613770e-01 3.791386783123016357e-01 6.109359860420227051e-01 8.061599731445312500e-01 3.312146663665771484e-01
6.769359707832336426e-01 1.783680021762847900e-01 2.693693339824676514e-01 5.128200054168701172e-01 6.149213314056396484e-01 4.275813400745391846e-01 3.235173225402832031e-01 8.819333314895629883e-01 2.520346641540527344e-01
8.587813377380371094e-01 1.433333382010459900e-03 3.120653331279754639e-01 8.797333240509033203e-01 5.319333449006080627e-02 4.615746736526489258e-01 9.198853373527526855e-01 9.871760010719299316e-01 2.285933345556259155e-01
3.934799879789352417e-02 2.982360124588012695e-01 7.613319754600524902e-01 2.222213298082351685e-01 8.317333646118640900e-03 6.027453541755676270e-01 1.059599965810775757e-01 9.371466636657714844e-01 6.094386577606201172e-01
0.000000000000000000e+00 3.869160115718841553e-01 0.000000000000000000e+00 9.925706386566162109e-01 0.000000000000000000e+00 6.557933092117309570e-01 8.100320100784301758e-01 7.731639742851257324e-01 9.119546413421630859e-01
3.919399976730346680e-01 1.632920056581497192e-01 9.291733503341674805e-01 4.161546528339385986e-01 1.631666719913482666e-01 4.046093225479125977e-01 4.751159846782684326e-01 8.796506524085998535e-01 6.285799741744995117e-01
5.099920034408569336e-01 5.842800065875053406e-02 6.186320185661315918e-01 9.214079976081848145e-01 2.506760060787200928e-01 3.622359931468963623e-01 9.032573103904724121e-01 7.992666363716125488e-01 7.411466538906097412e-02
5.104173421859741211e-01 2.501119971275329590e-01 5.085039734840393066e-01 9.975333511829376221e-02 7.229600101709365845e-02 7.152079939842224121e-01 2.152293324470520020e-01 9.095906615257263184e-01 6.731173396110534668e-01
7.819213271141052246e-01 3.656213283538818359e-01 2.715893387794494629e-01 8.687413334846496582e-01 6.794760227203369141e-01 2.528733313083648682e-01 7.479093074798583984e-01 4.217026531696319580e-01 7.825906872749328613e-01
4.801946580410003662e-01 3.916440010070800781e-01 8.377199769020080566e-01 1.395733375102281570e-02 1.000000000000000000e+00 6.256506443023681641e-01 9.946359992027282715e-01 0.000000000000000000e+00 1.036399975419044495e-02
1.034693345427513123e-01 3.508933186531066895e-01 3.426280021667480469e-01 6.858226656913757324e-01 3.618879914283752441e-01 1.783439964056015015e-01 5.247253179550170898e-01 3.293319940567016602e-01 6.396080255508422852e-01
8.816693425178527832e-01 9.348800033330917358e-02 4.533079862594604492e-01 6.762946844100952148e-01 2.548973262310028076e-01 5.276173353195190430e-01 9.739946722984313965e-01 6.780213117599487305e-01 9.893733263015747070e-01
1.879626661539077759e-01 4.511853456497192383e-01 3.752079904079437256e-01 1.200319975614547729e-01 4.504440128803253174e-01 6.369546651840209961e-01 4.519506692886352539e-01 4.908199906349182129e-01 1.124613359570503235e-01
5.783506631851196289e-01 5.645599961280822754e-02 5.398973226547241211e-01 7.834693193435668945e-01 1.846346706151962280e-01 5.937960147857666016e-01 6.845840215682983398e-01 9.233493208885192871e-01 3.461039960384368896e-01
9.548666477203369141e-01 6.342239975929260254e-01 9.673946499824523926e-01 2.757493257522583008e-01 7.881186604499816895e-01 8.182306885719299316e-01 5.289893150329589844e-01 3.066866695880889893e-01 7.999133467674255371e-01
2.966119945049285889e-01 4.293066635727882385e-02 1.185946688055992126e-01 9.999866485595703125e-01 9.927746653556823730e-01 2.148399949073791504e-01 0.000000000000000000e+00 3.749199956655502319e-02 1.421866659075021744e-02
6.551293134689331055e-01 4.421746730804443359e-01 3.346520066261291504e-01 9.133639931678771973e-01 1.375106722116470337e-01 3.284893333911895752e-01 8.830026388168334961e-01 4.969546794891357422e-01 8.210106492042541504e-01
7.169373035430908203e-01 8.001413345336914062e-01 9.956586360931396484e-01 4.893333534710109234e-04 9.999106526374816895e-01 4.100413322448730469e-01 7.498360276222229004e-01 2.716666646301746368e-02 4.853333346545696259e-03
4.844826757907867432e-01 8.459146618843078613e-01 2.523866668343544006e-02 7.622333168983459473e-01 8.895919919013977051e-01 2.784813344478607178e-01 5.123813152313232422e-01 1.916400045156478882e-01 5.250973105430603027e-01
2.342653274536132812e-01 9.802079796791076660e-01 4.862666595727205276e-03 2.242386639118194580e-01 9.986093044281005859e-01 3.983133435249328613e-01 2.249346673488616943e-01 1.232440024614334106e-01 1.541520059108734131e-01
4.548266530036926270e-01 6.585226655006408691e-01 7.191613316535949707e-01 6.396946907043457031e-01 2.725226581096649170e-01 4.260226786136627197e-01 1.624760031700134277e-01 3.898639976978302002e-01 4.006693363189697266e-01
9.770866632461547852e-01 5.180906653404235840e-01 9.923786520957946777e-01 2.403599955141544342e-02 1.217253357172012329e-01 1.089066639542579651e-01 2.742133289575576782e-02 6.232413053512573242e-01 5.750613212585449219e-01
1.767999958246946335e-03 3.060880005359649658e-01 3.362373411655426025e-01 3.541573286056518555e-01 6.549999862909317017e-02 3.602813184261322021e-01 4.299466684460639954e-02 9.207266569137573242e-01 4.403786659240722656e-01
1.153333345428109169e-03 8.397960066795349121e-01 4.119999939575791359e-04 4.269133210182189941e-01 1.834786683320999146e-01 7.126746773719787598e-01 3.512266650795936584e-02 6.889879703521728516e-01 6.760506629943847656e-01
7.425799965858459473e-01 4.449653327465057373e-01 5.467746853828430176e-01 9.320586919784545898e-01 1.171413362026214600e-01 8.321573138236999512e-01 6.391040086746215820e-01 8.966280221939086914e-01 9.209160208702087402e-01
8.315439820289611816e-01 5.747280120849609375e-01 5.543333292007446289e-01 1.579386591911315918e-01 4.669106602668762207e-01 7.748360037803649902e-01 3.342626690864562988e-01 4.899186789989471436e-01 1.897653341293334961e-01
2.560946643352508545e-01 2.185133397579193115e-01 2.263973355293273926e-01 7.061466574668884277e-01 2.715933322906494141e-01 5.491120219230651855e-01 6.435413360595703125e-01 7.537093162536621094e-01 3.669226765632629395e-01
7.328773140907287598e-01 5.780559778213500977e-01 4.160333275794982910e-01 5.609093308448791504e-01 6.813279986381530762e-01 4.537226557731628418e-01 8.766346573829650879e-01 2.665293216705322266e-01 6.883786916732788086e-01
9.470653533935546875e-01 6.061480045318603516e-01 1.900213360786437988e-01 7.488826513290405273e-01 5.855093598365783691e-01 2.489946633577346802e-01 6.454653143882751465e-01 5.330546498298645020e-01 6.575880050659179688e-01
5.000573396682739258e-01 4.028106629848480225e-01 8.650626540184020996e-01 2.798359990119934082e-01 2.118680030107498169e-01 2.230519950389862061e-01 7.302813529968261719e-01 6.149906516075134277e-01 6.117813587188720703e-01
2.528386712074279785e-01 9.087173342704772949e-01 6.840666532516479492e-01 8.375026583671569824e-01 9.015786647796630859e-01 2.428666651248931885e-01 1.932613402605056763e-01 4.685333464294672012e-03 3.850840032100677490e-01
5.354133248329162598e-02 5.984186530113220215e-01 4.180800169706344604e-02 6.097679734230041504e-01 1.035226657986640930e-01 1.826266646385192871e-01 9.265173077583312988e-01 4.542786777019500732e-01 6.453466415405273438e-01
5.630693435668945312e-01 5.142573118209838867e-01 1.615999964997172356e-03 9.675706624984741211e-01 9.212893247604370117e-01 4.193519949913024902e-01 3.959573209285736084e-01 1.121693328022956848e-01 6.048373579978942871e-01
8.313959836959838867e-01 7.287759780883789062e-01 6.961933374404907227e-01 4.958840012550354004e-01 9.844586849212646484e-01 1.600226610898971558e-01 2.110400050878524780e-01 4.519866779446601868e-02 3.477200120687484741e-02
6.976746916770935059e-01 5.565133094787597656e-01 6.700599789619445801e-01 2.335959970951080322e-01 9.744920134544372559e-01 3.923000097274780273e-01 9.139613509178161621e-01 4.756533354520797729e-02 3.661333397030830383e-02
1.000000000000000000e+00 8.218000084161758423e-02 1.000000000000000000e+00 8.618666790425777435e-03 1.000000000000000000e+00 9.571773409843444824e-01 7.768466472625732422e-01 5.042666569352149963e-03 9.978786706924438477e-01
7.096493244171142578e-01 1.065159961581230164e-01 7.673760056495666504e-01 5.825920104980468750e-01 5.448453426361083984e-01 9.876533597707748413e-02 8.449626564979553223e-01 6.913266777992248535e-01 2.248280048370361328e-01
2.110719978809356689e-01 7.367333024740219116e-02 3.980306684970855713e-01 2.722013294696807861e-01 1.810053288936614990e-01 6.343373060226440430e-01 8.072400093078613281e-01 9.085773229598999023e-01 3.785893321037292480e-01
5.226213335990905762e-01 8.644133061170578003e-02 8.227706551551818848e-01 5.442839860916137695e-01 3.896040022373199463e-01 5.404199957847595215e-01 1.588933318853378296e-01 8.210173249244689941e-01 2.157466672360897064e-02
2.963200025260448456e-02 9.618573188781738281e-01 8.683733642101287842e-02 6.921960115432739258e-01 1.102946698665618896e-01 2.939493358135223389e-01 3.658693432807922363e-01 4.116346538066864014e-01 9.804013371467590332e-01
8.925786614418029785e-01 1.565826684236526489e-01 9.484893083572387695e-01 4.409973323345184326e-01 2.251733392477035522e-01 8.537840247154235840e-01 7.190200090408325195e-01 7.630613446235656738e-01 9.510160088539123535e-01
7.547533512115478516e-01 4.412653446197509766e-01 2.238800004124641418e-02 9.808173179626464844e-01 8.582053184509277344e-01 7.281306385993957520e-01 9.578946828842163086e-01 2.386280000209808350e-01 7.205613255500793457e-01
9.233186841011047363e-01 5.472693443298339844e-01 9.199360013008117676e-01 3.532093465328216553e-01 8.264906406402587891e-01 4.275973439216613770e-01 3.754666745662689209e-01 3.063279986381530762e-01 1.415226608514785767e-01
9.501626491546630859e-01 1.475573331117630005e-01 7.873986363410949707e-01 4.843679964542388916e-01 8.883199840784072876e-02 8.681253194808959961e-01 9.331826567649841309e-01 9.680826663970947266e-01 8.223599791526794434e-01
6.763706803321838379e-01 6.291946768760681152e-01 3.555773198604583740e-01 7.540653347969055176e-01 8.620200157165527344e-01 4.615719914436340332e-01 5.446640253067016602e-01 1.569159924983978271e-01 6.174533367156982422e-01
9.483159780502319336e-01 8.977599740028381348e-01 8.046853542327880859e-01 9.609373211860656738e-01 4.917506575584411621e-01 4.419200122356414795e-01 5.580173134803771973e-01 5.919373035430908203e-01 9.929720163345336914e-01
4.713786542415618896e-01 9.990266561508178711e-01 4.387013316154479980e-01 9.577933549880981445e-01 9.985333085060119629e-01 4.357773363590240479e-01 3.073866665363311768e-02 6.872000172734260559e-03 7.903786897659301758e-01
8.304813504219055176e-01 8.579333424568176270e-01 6.161853075027465820e-01 5.974360108375549316e-01 4.901773333549499512e-01 2.613986730575561523e-01 6.712346673011779785e-01 3.196146786212921143e-01 9.330359697341918945e-01
1.755999960005283356e-02 4.531146585941314697e-01 2.805306613445281982e-01 4.845493435859680176e-01 8.332000114023685455e-03 5.158280134201049805e-01 1.055866628885269165e-01 9.994546771049499512e-01 6.317279934883117676e-01
7.774919867515563965e-01 9.753239750862121582e-01 9.896519780158996582e-01 4.749960005283355713e-01 2.476933412253856659e-02 1.000173315405845642e-01 4.869733378291130066e-02 5.338613390922546387e-01 9.054800271987915039e-01
2.558279931545257568e-01 5.613746643066406250e-01 2.933066785335540771e-01 4.020853340625762939e-01 7.612199783325195312e-01 2.557440102100372314e-01 9.293200075626373291e-02 3.301599994301795959e-02 2.904666587710380554e-02
8.668266981840133667e-02 5.163599848747253418e-01 6.304280161857604980e-01 3.978999853134155273e-01 3.966666758060455322e-01 7.215080261230468750e-01 5.731920003890991211e-01 5.032626390457153320e-01 2.733586728572845459e-01
8.159999735653400421e-03 3.349133431911468506e-01 3.488106727600097656e-01 1.358720064163208008e-01 8.293333230540156364e-04 4.894480109214782715e-01 3.746293187141418457e-01 9.812586903572082520e-01 8.663626909255981445e-01
1.939066648483276367e-01 1.093173325061798096e-01 9.692400097846984863e-01 4.561066627502441406e-02 6.289773583412170410e-01 6.008480191230773926e-01 3.628013432025909424e-01 1.126653328537940979e-01 6.532400101423263550e-02
3.648253381252288818e-01 2.282666601240634918e-02 5.579013228416442871e-01 2.539159953594207764e-01 9.081332944333553314e-03 5.322946906089782715e-01 8.748840093612670898e-01 9.915559887886047363e-01 2.734866738319396973e-01
3.804520070552825928e-01 4.946666657924652100e-01 5.398640036582946777e-01 1.848346590995788574e-01 3.074800074100494385e-01 4.828920066356658936e-01 4.478720128536224365e-01 6.755106449127197266e-01 8.489626646041870117e-01
7.643839716911315918e-01 4.465333186089992523e-03 6.016160249710083008e-01 6.935453414916992188e-01 2.250733375549316406e-01 6.601746678352355957e-01 9.506293535232543945e-01 9.292946457862854004e-01 5.027866736054420471e-02
1.250293403863906860e-01 6.924120187759399414e-01 1.623719930648803711e-01 9.889320135116577148e-01 3.423066809773445129e-02 3.712719976902008057e-01 1.272373348474502563e-01 8.787586688995361328e-01 7.239320278167724609e-01
7.996346354484558105e-01 9.755600243806838989e-02 7.053719758987426758e-01 6.421853303909301758e-01 5.751853585243225098e-01 3.180359899997711182e-01 9.355520009994506836e-01 6.675653457641601562e-01 2.260359972715377808e-01
2.162133343517780304e-02 8.469359874725341797e-01 1.069466676563024521e-02 9.651786684989929199e-01 5.248399823904037476e-02 3.308026790618896484e-01 3.200426697731018066e-01 7.736786603927612305e-01 1.000000000000000000e+00
5.587546825408935547e-01 7.656599879264831543e-01 9.152119755744934082e-01 2.406640052795410156e-01 1.873600035905838013e-01 2.964413464069366455e-01 5.352906584739685059e-01 6.431493163108825684e-01 9.558986425399780273e-01
6.096626520156860352e-01 4.866786599159240723e-01 8.207280039787292480e-01 5.319453477859497070e-01 9.167453050613403320e-01 6.781413555145263672e-01 3.486733436584472656e-01 1.420866698026657104e-01 7.526386380195617676e-01
6.314479708671569824e-01 4.649600014090538025e-02 2.828693389892578125e-01 6.373533606529235840e-01 5.354613065719604492e-01 5.022320151329040527e-01 9.428986907005310059e-01 5.510680079460144043e-01 2.499080002307891846e-01
4.827719926834106445e-01 6.683933138847351074e-01 5.554826855659484863e-01 8.170453310012817383e-01 5.081679821014404297e-01 5.261186361312866211e-01 2.064266614615917206e-02 5.540466904640197754e-01 9.292719960212707520e-01
5.664853453636169434e-01 4.984026551246643066e-01 4.217959940433502197e-01 6.410080194473266602e-01 4.976973235607147217e-01 2.233306616544723511e-01 4.534440040588378906e-01 4.545093178749084473e-01 4.895293414592742920e-01
0.000000000000000000e+00 9.964426755905151367e-01 0.000000000000000000e+00 5.806493163108825684e-01 1.751466654241085052e-02 2.565079927444458008e-01 7.786666508764028549e-03 4.440066516399383545e-01 9.122679829597473145e-01
9.901866316795349121e-02 6.575733423233032227e-01 7.827333211898803711e-01 2.701226770877838135e-01 1.825399994850158691e-01 2.550426721572875977e-01 3.281546533107757568e-01 3.892759978771209717e-01 7.238133549690246582e-01
6.490079760551452637e-01 3.205733299255371094e-01 5.578600168228149414e-01 8.802133202552795410e-01 8.171426653861999512e-01 4.883493185043334961e-01 8.278599977493286133e-01 1.814640015363693237e-01 5.611293315887451172e-01
9.786559939384460449e-01 3.798280060291290283e-01 9.817000031471252441e-01 2.911039888858795166e-01 6.201173067092895508e-01 6.058906912803649902e-01 5.049039721488952637e-01 5.889840126037597656e-01 4.720520079135894775e-01
9.883440136909484863e-01 5.605333298444747925e-02 1.292946636676788330e-01 2.838226556777954102e-01 7.429839968681335449e-01 8.384199738502502441e-01 8.623120188713073730e-01 8.924466371536254883e-01 1.304786652326583862e-01
1.871079951524734497e-01 8.135426640510559082e-01 2.619880139827728271e-01 3.855386674404144287e-01 7.137506604194641113e-01 6.189773082733154297e-01 3.519613444805145264e-01 2.664200067520141602e-01 8.639119863510131836e-01
3.423906564712524414e-01 6.774439811706542969e-01 5.269160270690917969e-01 5.738800019025802612e-02 9.768679738044738770e-01 3.588959872722625732e-01 1.065479964017868042e-01 3.115719854831695557e-01 9.539973139762878418e-01
3.039946556091308594e-01 3.768000006675720215e-01 9.626933187246322632e-02 6.605426669120788574e-01 3.408533334732055664e-02 1.194306686520576477e-01 2.344933338463306427e-02 8.509240150451660156e-01 1.912813335657119751e-01
5.509306788444519043e-01 2.646586596965789795e-01 3.301599994301795959e-02 9.138613343238830566e-01 5.480399727821350098e-01 3.038066625595092773e-01 8.594066500663757324e-01 5.308693051338195801e-01 9.166160225868225098e-01
5.154866576194763184e-01 1.975186616182327271e-01 1.816239953041076660e-01 9.707773327827453613e-01 3.337146639823913574e-01 7.045706510543823242e-01 9.227640032768249512e-01 8.405426740646362305e-01 9.268613457679748535e-01
6.707586646080017090e-01 9.914666414260864258e-03 7.818599939346313477e-01 1.269613355398178101e-01 2.277306616306304932e-01 5.319333449006080627e-02 5.829746723175048828e-01 9.051520228385925293e-01 1.354333311319351196e-01
4.578466713428497314e-01 2.556093335151672363e-01 6.014546751976013184e-01 9.438719749450683594e-01 2.517373263835906982e-01 5.785933136940002441e-01 8.478786349296569824e-01 7.592933177947998047e-01 8.008319735527038574e-01
7.963893413543701172e-01 1.521093398332595825e-01 4.659093320369720459e-01 9.552706480026245117e-01 8.834413290023803711e-01 5.309533476829528809e-01 8.111426830291748047e-01 4.142533242702484131e-01 1.837333291769027710e-01
9.335413575172424316e-01 1.585773378610610962e-01 8.974213600158691406e-01 6.217653155326843262e-01 8.111066818237304688e-01 2.083173394203186035e-01 7.630266547203063965e-01 2.003400027751922607e-01 6.620559692382812500e-01
3.071039915084838867e-01 9.002400189638137817e-02 3.882693350315093994e-01 4.140799939632415771e-01 2.845253348350524902e-01 1.057719960808753967e-01 6.355133056640625000e-01 8.365333080291748047e-01 3.137053251266479492e-01
7.851013541221618652e-01 6.705560088157653809e-01 7.373160123825073242e-01 6.167866662144660950e-02 1.026040017604827881e-01 4.993439912796020508e-01 8.523733168840408325e-02 8.688719868659973145e-01 7.857159972190856934e-01
8.463813066482543945e-01 3.380439877510070801e-01 1.932466626167297363e-01 5.136266946792602539e-01 7.434560060501098633e-01 8.750799894332885742e-01 7.092346549034118652e-01 5.869119763374328613e-01 4.012466669082641602e-01
6.757866740226745605e-01 3.832399845123291016e-01 2.165333330631256104e-01 9.005506634712219238e-01 6.715906858444213867e-01 6.562293171882629395e-01 6.216746568679809570e-01 5.717560052871704102e-01 7.398679852485656738e-01
5.963199958205223083e-02 9.947800040245056152e-01 1.230933330953121185e-02 4.844026565551757812e-01 2.521146535873413086e-01 9.812880158424377441e-01 3.835720121860504150e-01 1.565133333206176758e-01 9.345039725303649902e-01
3.575226664543151855e-01 5.554666519165039062e-01 6.918786764144897461e-01 2.059546709060668945e-01 5.000466704368591309e-01 7.259399890899658203e-01 3.831986784934997559e-01 4.296053349971771240e-01 2.458053380250930786e-01
4.720853269100189209e-01 8.591039776802062988e-01 4.453093409538269043e-01 8.543319702148437500e-01 9.144666790962219238e-02 3.885786533355712891e-01 2.183559983968734741e-01 9.460853338241577148e-01 8.787093162536621094e-01
4.876199960708618164e-01 9.814599752426147461e-01 5.890160202980041504e-01 9.176466464996337891e-01 6.185333244502544403e-03 6.465799808502197266e-01 1.615813374519348145e-01 6.719826459884643555e-01 9.999653100967407227e-01
7.019133567810058594e-01 3.679746687412261963e-01 6.384400129318237305e-01 5.003666877746582031e-01 8.458480238914489746e-01 5.871613025665283203e-01 7.958293557167053223e-01 2.651426792144775391e-01 7.181360125541687012e-01
2.407066710293292999e-02 8.985760211944580078e-01 2.332000061869621277e-03 9.349826574325561523e-01 5.642920136451721191e-01 6.110053062438964844e-01 4.794933274388313293e-02 4.335586726665496826e-01 8.554346561431884766e-01
2.320400066673755646e-02 9.913960099220275879e-01 1.296319961547851562e-01 9.909120202064514160e-01 9.426946640014648438e-01 8.462200164794921875e-01 8.533333311788737774e-05 2.236000029370188713e-03 6.467133164405822754e-01
1.130133308470249176e-02 4.991480112075805664e-01 5.158666521310806274e-03 1.000000000000000000e+00 5.273333285003900528e-03 5.020239949226379395e-01 8.600053191184997559e-01 9.488120079040527344e-01 9.650306701660156250e-01
9.964306354522705078e-01 1.036226674914360046e-01 5.544239878654479980e-01 8.824039697647094727e-01 3.771440088748931885e-01 7.621133327484130859e-01 8.540853261947631836e-01 8.390053510665893555e-01 6.956333518028259277e-01
8.621426820755004883e-01 6.239586472511291504e-01 7.606266438961029053e-02 2.099893391132354736e-01 9.702213406562805176e-01 2.078666584566235542e-03 9.324733018875122070e-01 5.686226487159729004e-01 2.533333281462546438e-05
9.620119929313659668e-01 8.156573176383972168e-01 9.304453134536743164e-01 6.176279783248901367e-01 6.352906823158264160e-01 4.067866504192352295e-02 6.534653306007385254e-01 1.316453367471694946e-01 8.251280188560485840e-01
1.877626627683639526e-01 1.107813343405723572e-01 1.781080067157745361e-01 2.009253352880477905e-01 5.480279922485351562e-01 4.226653277873992920e-01 8.629693388938903809e-01 8.102093338966369629e-01 9.371680021286010742e-01
9.562800079584121704e-02 3.117693364620208740e-01 1.781000047922134399e-01 8.543959856033325195e-01 9.920266270637512207e-02 3.520000027492642403e-04 5.798533186316490173e-02 8.877413272857666016e-01 9.885293245315551758e-01
4.363493323326110840e-01 9.673320055007934570e-01 6.698399782180786133e-02 8.981106877326965332e-01 7.689319849014282227e-01 5.572133064270019531e-01 5.548533424735069275e-02 8.177866786718368530e-02 9.794466495513916016e-01
4.187133312225341797e-01 6.956999897956848145e-01 3.523933291435241699e-01 7.830359935760498047e-01 1.074640005826950073e-01 5.655173063278198242e-01 6.332132965326309204e-02 9.883000254631042480e-01 8.343840241432189941e-01
9.985479712486267090e-01 7.065333127975463867e-01 9.942306876182556152e-01 8.453693389892578125e-01 9.206066727638244629e-01 6.418386697769165039e-01 1.198706626892089844e-01 1.709946691989898682e-01 7.140280008316040039e-01
4.239013195037841797e-01 7.354746460914611816e-01 3.464240133762359619e-01 8.981000185012817383e-01 6.757786870002746582e-01 7.708240151405334473e-01 5.139013528823852539e-01 2.922079861164093018e-01 5.781480073928833008e-01
8.408759832382202148e-01 8.786826729774475098e-01 4.721199870109558105e-01 7.646799832582473755e-02 9.311866760253906250e-01 6.203079819679260254e-01 1.848226636648178101e-01 2.829013466835021973e-01 3.051813244819641113e-01
5.012106895446777344e-01 1.542239934206008911e-01 4.909226596355438232e-01 9.345866441726684570e-01 6.641546487808227539e-01 4.891999959945678711e-01 1.556146591901779175e-01 3.065240085124969482e-01 1.507346630096435547e-01
9.930853247642517090e-01 1.791213303804397583e-01 9.972519874572753906e-01 2.226666547358036041e-03 4.801920056343078613e-01 5.026533454656600952e-02 8.157053589820861816e-01 7.343479990959167480e-01 6.734346747398376465e-01
3.739093244075775146e-01 9.504320025444030762e-01 2.358533255755901337e-02 3.298760056495666504e-01 4.277879893779754639e-01 5.589413046836853027e-01 5.619533061981201172e-01 2.913266718387603760e-01 7.617920041084289551e-01
9.283466637134552002e-02 6.608999967575073242e-01 7.260493040084838867e-01 5.343333259224891663e-02 7.910760045051574707e-01 3.767826557159423828e-01 2.741826772689819336e-01 3.205479979515075684e-01 1.574933342635631561e-02
3.998266756534576416e-01 5.594080090522766113e-01 7.853680253028869629e-01 8.465066552162170410e-02 7.879760265350341797e-01 1.889320015907287598e-01 4.736146628856658936e-01 2.531026601791381836e-01 1.011079996824264526e-01
0.000000000000000000e+00 1.000000000000000000e+00 1.351973265409469604e-01 0.000000000000000000e+00 6.273333448916673660e-03 9.538693428039550781e-01 1.421333290636539459e-03 8.676639795303344727e-01 9.989973306655883789e-01
2.569600008428096771e-02 6.348653435707092285e-01 1.857013255357742310e-01 1.095933318138122559e-01 2.426239997148513794e-01 4.195866584777832031e-01 1.629986613988876343e-01 6.470786929130554199e-01 1.934853345155715942e-01
9.969106912612915039e-01 6.026413440704345703e-01 7.352626919746398926e-01 3.305479884147644043e-01 6.341253519058227539e-01 8.162199854850769043e-01 6.233306527137756348e-01 4.699386656284332275e-01 1.055760011076927185e-01
7.453626394271850586e-01 7.938839793205261230e-01 7.798133492469787598e-01 4.339999984949827194e-03 9.928973317146301270e-01 7.968693375587463379e-01 7.271239757537841797e-01 4.285199940204620361e-02 7.647186517715454102e-01
4.466759860515594482e-01 9.485066533088684082e-01 3.661000132560729980e-01 9.311600029468536377e-02 9.106573462486267090e-01 5.686879754066467285e-01 5.031773447990417480e-01 3.263733163475990295e-02 1.035333350300788879e-01
0.000000000000000000e+00 9.223866462707519531e-01 6.635453104972839355e-01 4.486666526645421982e-03 0.000000000000000000e+00 8.502653241157531738e-01 0.000000000000000000e+00 1.000000000000000000e+00 9.463453292846679688e-01
9.375813603401184082e-01 9.071426391601562500e-01 8.766866922378540039e-01 9.363786578178405762e-01 9.760720133781433105e-01 3.664320111274719238e-01 7.390533387660980225e-02 1.746920049190521240e-01 7.755159735679626465e-01
7.148626446723937988e-01 5.063760280609130859e-01 7.798693180084228516e-01 2.417333237826824188e-02 6.562119722366333008e-01 4.645679891109466553e-01 5.807733535766601562e-01 2.661533355712890625e-01 3.563799858093261719e-01
3.807999892160296440e-03 1.042133290320634842e-02 8.565533161163330078e-01 6.071199849247932434e-02 1.227600034326314926e-02 9.806573390960693359e-01 3.064506649971008301e-01 9.908773303031921387e-01 3.122026622295379639e-01
3.529746532440185547e-01 4.169400036334991455e-01 5.481253266334533691e-01 4.859866574406623840e-02 5.565773248672485352e-01 3.493986725807189941e-01 8.107839822769165039e-01 5.158079862594604492e-01 6.851466745138168335e-02
