 F
       38339      449753           3        1024
    0.539140513518102722E+02    0.861425948459824582E+02
 T
   2
    0.200000000000000000E+01    0.300000000000000000E+01    0.916992187500000000E+00    0.830078125000000000E-01
   0
   0
 T T     0           0
    0.000000000000000000E+00   -0.100000000000000002+101    0.000000000000000000E+00
 T F     1         939
    0.113037557323339806E-15    0.539139859411117754E+02    0.861432189378247983E+02
 T F     1          85
    0.106759513955539801E-15    0.442791939193490478E+02    0.766017789600353183E+02
