9.303939387310437847e-02 1.572140372553563481e-01 2.462070030027472267e-01 3.185197613621395529e-01 1.676451250146285266e-01 3.580077241376133923e-02 5.517252943278727617e-01
1.190722104906589279e-01 1.678532805823706314e-02 5.423118410663549382e-02 1.190906666666666502e-01 1.614929516854586300e-01 1.248902719076699502e-01 1.172033572809968727e-01
3.792034655961103451e-01 3.549187487655550699e-01 3.737614652133102594e-02 9.503487288946594891e-01 1.409055853928894986e-01 1.791411616171850740e-01 1.486923759106213438e-01
6.949955555558079423e-02 5.156953629585403487e-01 9.405849347699429819e-02 1.583263651808825556e-01 1.348542709258452044e-01 4.459307698548894972e-02 2.285531588580619056e-01
1.212345304389067235e-01 3.579274491433367955e-01 1.077640279399731255e-01 7.265496423931827596e-02 3.964518245369941241e-01 1.756645435173341263e-01 2.367430720835860813e-01
2.318021219961717838e-01 2.919889003662492488e-01 2.246408992490414869e-01 2.324884661500892236e-01 7.052101947767042134e-01 1.925838903714260364e-01 4.957461168830894910e-02
2.851524836740307878e-01 5.820413664855308422e-01 3.730454683086391054e-01 1.317390955438395850e-01 3.982201148599790463e-01 4.682793283774159265e-01 4.065683682538341892e-01
5.052443731927109827e-01 6.380659290252239657e-01 6.023874409119405193e-01 1.137167367996065603e-01 1.098161463647655128e-01 1.798053946147240845e-01 2.309578723626111996e-01
2.901716495100074567e-01 4.919070038181273807e-02 3.138268173419344470e-02 3.503980979431399190e-01 5.943226892231392444e-01 2.177091493250239984e-01 3.394295778506088435e-01
1.522406422390351066e-01 4.530044262781401931e-02 8.516748929408492208e-03 6.286469049977336798e-01 4.590355264917785894e-01 1.097387957197833025e-01 2.325014675234833850e-01
1.891368926038073869e-02 1.200192225562112802e-01 5.873957225822874495e-01 3.197872554003207135e-01 4.265760526770644850e-02 3.266044289296261560e-01 5.084388711358861501e-02
5.252179880991345584e-01 4.330770242016890315e-02 3.536394190841248286e-01 6.446773152444562616e-01 3.151029153755410261e-01 4.446665234677912304e-01 6.514719723997877687e-02
1.979492294126589114e-01 1.434580032723165033e-01 4.165438732055163351e-01 7.469157240918459228e-01 3.486071423435081473e-01 1.256319146281085486e-01 3.453970455991277611e-01
7.316290067298213129e-02 1.057827735712419392e-01 2.807396871612168887e-01 2.668444444358627002e-02 5.236791824492610659e-02 3.933689155150016381e-01 9.444749611204152073e-02
4.294847525737967298e-02 2.649525194252152493e-01 1.722775795861162806e-01 9.118666666666666587e-02 1.444364581639860923e-01 4.532265959427381752e-01 5.731804445042638640e-01
6.786020255142641844e-01 5.601904140019432488e-01 3.300657118811815560e-01 6.482545954199800953e-01 7.099111113085801450e-02 1.312909538682021926e-01 2.495955333832210882e-02
1.428277259931715615e-01 1.929403565933386910e-01 4.507660006546121423e-01 5.128805067515593841e-01 1.225329421387368056e-01 9.142149145246133285e-03 4.068884471742899300e-02
2.920786290704027732e-01 7.389115447611741549e-01 1.121028064999046031e-01 1.737946638912744035e-01 2.462236874656870134e-01 5.162777286807708477e-02 6.331565925413620288e-01
6.112403650840236846e-01 8.075111111111112072e-02 2.470392706887646062e-02 4.204922490459170326e-01 8.252453239721975198e-01 6.991199999999998804e-02 8.341817352479314884e-01
3.058023850780791086e-01 9.011142116283044068e-02 2.363932858226537315e-01 7.808800007672417332e-02 6.652037340294698897e-02 2.625521325039275045e-01 3.352922240097741535e-01
3.347902362417433386e-02 3.269475570771598200e-02 3.264603706122310434e-01 3.105469941765059971e-01 4.011649986486594543e-01 1.453783801313375812e-01 3.105735313247803830e-01
2.595607609852382813e-01 2.848193164150562562e-01 4.333709761910872760e-01 2.185378459710904941e-01 4.798743759003921139e-01 7.252479379344918264e-01 1.716079887470114973e-01
2.361785186338812847e-01 1.952654910563839941e-01 6.554037072121133845e-01 1.564581909298993212e-01 4.456824659247792253e-01 5.768724450732272135e-01 3.254768007121583429e-01
2.390345271696488472e-01 2.228267610106040020e-01 1.491023455209357640e-01 1.141588641891832234e-01 2.595601338486888121e-01 7.402270135825783637e-01 1.766844444444444495e-02
2.699563910636955666e-01 3.200083861949171160e-01 4.034044264606753138e-01 3.289297777777777654e-01 6.283077153409328819e-01 1.126757355861241067e-01 5.772155980270785580e-01
3.892639075170236662e-01 1.672758459033522049e-01 3.316452691608934300e-02 1.494926255116523772e-01 4.380326066476276647e-01 5.422315044460921524e-02 8.889404957251259010e-01
1.487891170390364670e-01 1.006346472976560047e-01 5.723091389684203945e-02 1.486052161647483938e-01 1.597528041407776100e-01 5.125861325343233910e-01 6.158975852459462885e-01
1.516455210847361401e-01 1.009170880540597726e-01 5.755243937097721529e-01 9.343067930805742938e-02 2.028252355510556937e-01 4.351983703975761397e-01 7.812377650443846910e-02
6.913395542497251522e-01 1.996500870223611446e-01 6.706142230403038251e-01 2.591804845236042598e-01 5.855868619786006590e-01 8.451163609430141499e-02 2.987151316715616067e-01
3.791878074491348283e-01 4.349936840602269816e-02 1.364115556585228650e-01 2.743361176474392038e-01 5.714835641445419334e-01 6.440261809300938667e-02 7.330746666637579789e-01
2.662512039859252569e-02 3.589024208683165296e-01 6.097866666666666713e-02 2.129059820147588267e-01 4.176290387057209896e-01 1.851848139732997778e-01 5.356091279932413407e-01
3.540756024061365581e-01 2.361411627833025217e-01 2.926672454996931405e-01 5.941752296256070931e-01 2.408533333195868043e-01 1.786122399901098057e-01 5.912509908262648661e-01
6.730929624942029454e-02 5.307275855856699032e-01 2.597025069422609356e-01 9.643820236290188974e-02 3.326989580002454594e-01 3.936221509387677342e-01 2.569650105993381145e-02
2.330753418387165044e-01 5.354699137195162439e-01 7.319522627242335266e-01 6.376860908783787973e-01 4.261175676036937365e-01 2.451491281168232672e-01 7.180851779575108118e-01
1.111529280366314876e-01 1.612551958082820980e-01 3.024774009342003911e-01 6.048548391793513029e-02 3.905960335180880261e-01 2.591332954680698394e-02 6.251492530751512344e-01
1.514996191020791527e-01 4.191490335703722536e-01 1.143926052037868152e-01 4.533767848675782641e-01 4.957126891223687659e-01 6.015590721096909510e-01 7.104696643320425054e-01
3.569066296895034296e-01 6.504539327603470200e-01 2.411898315861856212e-01 1.340496992993344683e-01 1.486346666785784698e-01 2.810013053737823174e-01 3.391458444042071418e-01
2.941598618886471783e-01 6.236699775610383689e-01 1.454487962215021968e-01 4.721215315479123653e-01 5.822026287479176165e-01 6.042235361755181611e-01 1.808807960055762998e-01
4.560661456319792806e-01 2.080703098321661781e-01 3.055571606568195930e-01 1.815742218744169079e-01 5.370785988236106423e-01 3.490552907022359541e-01 1.371050312383073622e-01
2.177090608441463737e-01 9.053050044851641484e-03 6.046037698374188141e-01 1.069053785114719296e-01 9.629224796921576068e-02 9.912943012040992263e-02 4.843336360672327312e-01
2.136604827255537131e-01 9.306576372223471227e-02 1.662086885762140490e-02 5.145835219110174441e-02 1.079395555555555525e-01 1.933964444318584386e-01 1.041100088915672406e-01
5.419273225526601706e-02 2.900980397732620397e-01 1.048052454761145280e-01 5.545976142551090060e-01 6.030330498040856746e-01 2.746547667866501563e-02 2.911214350835553688e-01
4.121748875235168308e-01 2.887703734766448177e-02 8.095893070286300230e-02 1.174295667978339786e-01 5.453422222125511865e-02 7.050097115143794113e-02 9.225167358217081781e-02
1.596063607931122452e-01 3.764741360535829306e-01 1.077357299697496995e-01 5.602275749700225127e-01 1.118469837113677257e-01 1.812095027630637178e-01 1.767643706354654065e-01
2.717319897353303038e-01 1.350311108350446369e-02 1.552922952371463550e-01 1.002970933820702681e-01 2.696758792869377586e-01 3.782828821569187427e-01 1.282924449131142564e-01
4.654308032335952028e-01 2.425579396445018410e-01 2.158942551875950994e-02 5.394414275196466324e-01 1.832492413054301605e-01 3.841286441091918968e-01 4.897531868624867002e-01
6.259746721005352010e-02 3.042658201972657794e-01 1.859592202262923544e-01 9.156768827029691804e-02 7.485502931148200201e-01 2.295515279036494105e-01 6.199166436251797307e-01
1.945343049048718909e-01 3.309650243600036346e-01 1.215900845368838856e-01 3.781133494376628379e-01 4.227634930855646012e-01 1.429832234069965402e-01 3.016581158103784910e-01
1.071840070310869225e-01 6.047432496805640878e-02 2.040204364558323991e-01 2.007191286827689214e-01 6.818938125571798459e-01 1.833696036505270133e-01 6.806774030708823142e-02
2.431003984578945232e-01 9.416791519860380488e-02 5.595384081165408752e-01 1.341339419872670247e-01 3.284014379496424940e-01 1.880260782235226857e-01 4.111395725416049363e-01
1.131422246708413265e-01 2.802213153347912211e-01 4.823910900312865235e-02 2.922177848638623510e-01 7.113222293731505386e-02 8.150421744325424267e-02 1.678863869333740988e-01
3.135997583291280089e-01 2.933740577976191588e-01 4.247360941098302090e-02 3.845731564217266807e-01 2.746539520280126823e-01 1.665463364505221644e-01 4.155166462349140777e-01
8.215022246062589351e-02 3.358149366197665103e-02 1.736913972473820567e-01 1.693489096444338871e-01 3.595837627831437455e-01 2.268568888888888857e-01 8.905937840281952234e-02
2.873642264643928579e-01 6.513228718347388035e-01 3.350363363686219009e-01 2.605359584043464016e-01 1.784281528593915367e-01 5.306526778234595954e-01 9.902632807008981963e-02
3.122338084091272892e-01 2.141402620520708455e-01 4.085297777777778250e-01 4.505978619692985188e-01 9.039733815091161029e-02 1.438487224448683488e-01 1.878008943123111729e-01
5.919004357465044164e-01 3.353618590539683142e-01 8.154755173507948970e-03 1.591819536819619185e-01 1.730612385229021721e-01 2.566383532880983642e-02 1.071040412432071043e-01
1.932978306723604489e-01 2.934519463491964686e-01 1.362092730111968686e-01 1.740705088823945590e-01 5.563277881775106071e-01 4.230459620040767366e-01 6.842201327715421444e-01
3.712314473762305667e-02 2.780855052066523170e-01 1.783648279170451656e-01 2.594254687950079546e-02 4.136458074541734531e-01 7.760622222862095798e-02 5.984036705872632922e-01
5.865247482325690320e-02 1.729221479483272761e-01 6.184018079878633029e-02 4.229178820591091709e-02 1.485880459216947780e-01 5.284266666666666279e-02 1.981920025598778445e-01
6.210874874478036212e-01 4.107742013967573547e-01 6.671569631899365582e-01 4.090127414760544866e-01 1.322925823475682439e-01 5.708597998532548567e-01 1.355811199788561905e-01
1.610825914893302402e-01 6.723522241687189815e-01 1.900712810435284950e-01 5.972221460498003953e-01 2.032373360317280830e-01 8.693611328109704939e-01 1.254130143881693471e-01
2.382968618296263386e-01 1.405521983067680725e-01 8.084560511166528907e-02 7.619644444444444165e-02 2.166149256816855273e-01 2.830240584583613161e-01 3.845639484475412706e-01
5.036035145281870795e-01 2.724876184031905235e-01 3.993608656430579495e-01 5.957624807210124551e-01 2.053532805221630064e-01 1.805024961210512091e-01 3.193567434837852326e-01
3.116346637590187152e-01 2.523534387520778854e-01 2.030431504280718613e-01 1.067750902914291061e-01 1.120240688546708246e-01 3.940870741697906632e-01 1.496014044153065603e-01
7.887102638193830284e-01 7.389564816658419355e-01 1.049534838318546826e-01 6.610595698946633014e-01 3.051877395927874992e-01 7.160431312646009516e-01 2.892438038457568750e-01
3.840468406955276914e-01 6.692358477142095197e-01 5.432088888888888384e-02 2.006054678288148874e-01 3.776032144508190136e-01 6.016771824763834653e-01 9.808749505781577671e-02
2.985948876876631797e-01 7.032842867173891843e-01 4.108626494677615204e-01 1.119093044590353941e-01 7.869783662312301864e-01 3.849257445235529929e-01 9.131103494053862679e-01
2.162400300410352028e-01 3.737657707796691597e-01 4.324731907326674341e-01 2.614428941777532933e-01 7.514438663878606484e-01 8.407520343795441553e-01 9.841250168007020793e-01
5.107200666347757601e-01 3.285466263359755335e-01 2.765912332133003138e-01 8.350233076861575121e-01 6.749138790034516777e-01 6.418332761209288861e-01 1.780352729398530787e-02
8.122449686645144551e-01 2.657512891681450551e-01 4.352265808955083637e-01 1.274488888888888893e-01 3.705590225352656253e-01 7.224937897832867106e-02 5.454391493456839379e-01
3.625290312016352656e-01 1.156095211398822098e-01 1.614413158584060426e-01 1.609463780140090172e-01 1.923485093223941123e-01 1.842427322785770288e-02 4.216187919560562825e-01
1.786184635687115274e-01 1.186430989137278180e-01 1.135139989192873317e-01 1.946619153132736479e-01 2.127695697616091564e-01 2.052026499846594243e-01 3.328420194952831923e-01
1.122395510522843920e-01 4.112454426550224973e-01 3.405386434089851533e-01 2.597210645711885979e-01 8.521958423425008214e-03 2.399967590962440167e-01 2.397666048264835981e-01
6.927674573753248022e-02 9.183834321219616070e-01 4.234439310098218057e-01 6.236628353627247101e-01 3.924462608938288910e-01 6.254390657244603968e-01 6.170569168182112874e-01
2.641066666666666563e-01 8.518687119692985865e-02 3.404304920359030873e-01 3.819218118689545749e-01 9.898608618718586494e-02 8.868444212937727847e-03 5.198821857131695479e-02
5.982715976605708086e-01 6.741618604136216664e-02 7.681511694364744347e-01 1.072910824891263049e-01 2.843679184032594787e-01 5.257862331851592685e-01 1.994786264790730512e-01
5.564000330086602553e-01 1.515188735820942323e-01 2.354967311254942408e-01 1.306370648058907680e-01 3.500423616365804236e-01 2.478700600477082572e-01 2.181786451875997179e-01
8.244084028307015199e-02 5.170077484973755189e-01 1.653333337072766807e-02 4.053769910719497993e-01 7.616075115415898988e-01 7.953345277484014098e-01 5.246713050270473966e-01
7.422282600371720163e-01 4.506943582289851813e-01 2.514642054753737574e-02 7.802258751829561634e-01 5.441440563775293837e-01 8.156673270789960295e-01 8.688953100409190639e-03
4.909627539433467636e-01 1.407969747968117469e-01 2.414926534666563263e-01 1.257795555555555611e-01 8.271901417987866101e-02 1.254279765101860289e-01 3.450808888545792152e-01
9.413326672275207363e-03 2.533808238320410244e-01 6.674938186227404036e-02 4.132169882017117102e-02 5.916711111111110366e-01 7.583920995924800512e-02 1.777111581086701086e-01
4.305109495659809604e-01 2.821405341762447394e-01 1.768044444444444585e-01 9.572986804475942801e-02 2.172802087060344833e-01 1.628773174925569056e-01 3.037252757386694202e-01
6.722986460804381004e-01 3.801223475012756037e-01 4.038917389250133022e-02 2.115654874353566361e-01 6.127062506595395419e-01 1.584632450013243044e-01 4.118036740706421117e-01
2.166533508469228320e-01 7.266480548466236478e-02 3.053613811552611246e-01 3.989118531547044544e-01 2.442102782132162531e-01 2.502891400094617302e-01 1.934038879995769178e-01
5.298539241278317213e-01 1.663528720707351666e-02 2.642980904916621410e-01 2.161925250211091942e-01 3.413255019939704926e-01 2.067955279226309506e-01 8.406202353674263258e-03
8.018654793367496758e-02 1.202281707993666376e-01 1.730864552538871268e-02 3.133841220837182973e-01 2.540481373799789028e-02 1.840666238798903120e-01 5.403652950938164778e-02
3.485497227778671103e-01 2.621013333284289426e-01 2.581198852863297519e-02 1.495293298979965269e-01 9.846353565477197756e-02 3.198526129722927269e-01 5.779555555555555835e-02
4.381171090397755208e-01 7.607099844514486620e-02 1.072853326163294707e-01 4.008000004278650108e-02 7.663166383572134199e-02 7.566625818324026476e-01 1.666810082279411021e-01
4.784020027157581678e-01 3.654556052726862792e-01 1.322337781262628575e-01 4.048047096773706166e-02 4.003646345261211992e-01 4.534168817604211643e-01 4.633961254026944809e-01
3.394399989798315698e-01 2.494133333333333272e-02 1.512762236007469674e-01 6.529186398048789086e-02 3.341920585623334716e-01 1.104279280521189288e-01 2.437223122947617671e-01
1.213848857133263265e-01 6.574133333333333218e-02 6.948821880560792641e-01 3.519001428974355972e-01 5.715852398914726962e-01 2.793354272313063325e-01 4.174973650548842730e-01
2.058087605870501657e-01 2.981836372751027753e-01 3.693493846059596741e-01 3.444921624541339433e-01 3.305087661863939652e-01 1.576169354410891787e-01 5.535437375006242444e-01
1.593097778600572334e-01 1.295262221945197023e-01 5.852566211671612617e-01 2.630012538182200377e-01 2.775704448747389752e-01 2.273327497981770251e-01 1.316215150657625843e-01
9.189412898249801898e-02 4.579138665505018690e-01 1.548678259940041990e-01 3.025091856433515525e-01 4.333231917107593367e-01 5.866511741373809929e-01 1.526094821090989428e-01
3.145790873785849207e-01 3.880527781025724376e-01 5.364177708617929863e-01 2.073454018055092274e-01 1.042737780380008500e-01 5.803411539248021223e-01 3.761036452839991995e-01
6.375483749959485191e-01 2.837213823012618708e-01 7.353777777788533809e-02 6.680441050522503144e-01 1.659290874122851811e-01 4.868925214880306385e-01 3.563044077499835649e-02
3.029317385582041000e-01 2.381887118590419461e-01 1.500949987184539980e-01 2.349124087414757867e-01 1.375968132706745228e-01 3.212308953813280965e-01 3.001865144347852232e-01
5.546411392398341578e-01 8.434045397116627374e-01 1.786044444444444615e-02 2.903588005274315154e-01 2.584491084234498137e-01 4.868547442387798352e-01 9.775154805204949726e-02
7.894435924266124394e-01 3.462595169546908158e-01 2.215067310651200883e-01 2.667111111053660846e-02 5.395932262288374304e-01 5.012605368049809218e-02 3.013771094831010355e-01
1.186524444866826900e-01 5.359355444815767922e-02 4.925067254964061170e-01 3.427266339912207194e-01 1.425992316712347552e-01 4.748123974263213642e-01 3.947214153827725558e-01
2.666311111111110618e-02 2.901871443555747998e-01 3.125067427491561300e-01 8.137777777777777111e-02 3.052341543821504577e-02 2.686156440988907157e-01 8.307597041169032526e-01
7.167182836656914580e-01 2.366815109976281584e-01 5.583550459793297227e-01 8.904150884324062432e-01 1.956263546170278755e-01 4.934420657949856182e-01 1.676977177240570049e-01
1.493156635954149825e-01 5.887987972441417472e-01 2.895422063674775170e-01 2.958331545348702463e-01 3.279047068461963255e-01 7.518960465477637911e-02 2.096917936903412993e-01
2.607538474865099820e-01 2.211866666666666426e-01 3.938422172068871130e-01 3.345431111364209342e-01 7.891921760042734657e-02 3.358465206040883722e-02 3.363218600143424442e-01
4.932444281493070237e-01 2.100526882940408346e-01 1.991395555297371112e-01 1.055095637249265084e-01 8.246379542742277025e-01 6.320282987131480290e-01 6.352810226957419371e-01
3.941313696748712792e-01 9.208126426741589099e-02 6.581966312159640009e-02 5.068062991192225919e-01 1.551743110941837811e-01 1.083387738432167596e-01 4.484266698597183520e-02
4.072875751311006987e-01 4.192120144915966740e-01 4.063128545927382484e-01 6.112343494821990131e-01 1.800541109617637692e-01 1.116011511285913554e-01 2.670792615027217654e-01
1.935466673813017457e-02 3.114369045192606766e-02 2.280000000000000082e-02 5.678658058063210112e-02 5.869981120449023482e-02 4.411613615189439730e-01 6.310880486225053931e-02
4.986548768508399787e-01 7.096404513253100621e-01 8.426164422140683397e-02 7.045445029101671253e-01 9.529747526484515577e-03 2.240459184539267956e-01 1.549303448206567624e-01
9.289528881076389855e-01 9.304208017328613467e-01 6.052563942551382192e-01 9.852816315665043900e-01 1.003279090181373068e+00 4.037803964251433508e-01 6.770662651078644956e-01
8.226377079875455411e-01 3.634150780956477700e-01 6.691514314686701770e-01 6.738591472327132292e-01 1.107267107552094981e-01 2.845304450888180847e-01 5.862805645155595435e-01
5.358362845733803947e-01 4.618740807908576218e-01 4.732024827991320182e-01 5.768888839957884151e-01 5.710388593844686334e-01 2.113777140132550303e-01 4.308418963508298116e-01
5.860124577383591937e-01 8.948711111111110061e-02 8.999503346148065575e-01 3.415490263714261454e-01 5.334951979785453879e-01 8.890651394297308108e-02 3.780227485094848072e-01
3.746600864830788025e-01 2.125638515092410363e-01 2.373595609671558526e-01 5.731148284097743462e-01 3.522104860059558362e-01 8.213831118612890947e-02 3.914280354521995631e-01
4.282142318496424127e-01 2.849077551538918840e-01 4.106083063401450711e-02 1.493704709864686897e-01 4.307344804155314733e-01 4.585007839796881313e-02 2.149435740853421484e-01
9.094512905215285103e-02 4.472961609872079802e-01 6.057036751771714966e-01 3.524849930939912834e-01 2.939044762513348674e-01 1.191870914360179112e-01 1.539628976093595780e-01
6.192000083648567799e-01 5.471535033533523329e-01 5.153777777777777264e-02 1.818772098115025160e-01 1.659584367999495380e-01 5.022157976647648736e-01 1.515180275111130959e-01
9.013355622268490880e-03 3.209397431701264125e-01 9.136274230061391943e-02 2.807614330621286403e-01 2.286124978746600644e-01 1.857602311132575956e-01 4.769018570404484625e-01
7.140088889096192493e-02 4.825304535972632647e-01 2.259030007931084882e-01 6.091152111071819197e-01 1.752434747624341260e-01 4.009183435792812444e-01 2.593466273356312968e-01
1.280266831420732998e-01 6.918627888760966460e-01 2.910083311423001390e-02 1.649384452092043235e-02 2.894875816888886066e-01 6.665048594189221243e-01 5.574975009159385125e-02
6.579116267281861496e-01 4.973067178479963213e-02 3.029019741100928420e-01 5.776824921593106538e-02 4.599386666666667178e-01 2.776117206759455280e-01 9.001528300869515720e-02
8.387422347737656381e-01 1.120550672951449167e-01 4.244757770679110503e-02 2.137434391108625209e-01 8.062747098825467917e-02 5.969717074798488454e-01 3.675347356660174647e-01
7.777608936842146381e-01 3.444650146765215748e-02 1.582028611586697164e-01 4.008278843038838579e-02 5.595827888207389744e-01 4.230948743082867114e-02 3.583709388359845871e-01
4.979022185283289992e-01 8.719317507744506895e-03 5.749828767122043549e-02 5.283694532893459250e-01 4.032693830585311057e-01 1.065903714094854349e-01 5.930390814165045210e-01
2.946488485471683849e-01 2.661198270496266671e-01 4.433477777777777851e-02 3.559096313612482021e-01 4.378052474487881818e-01 7.694554138525039333e-02 2.507937628264208518e-01
6.322951605106878759e-02 1.270295796551780543e-01 1.626379079410429362e-01 5.515776937313175976e-01 4.141779492511348804e-01 6.532757089824892116e-02 2.899734026184410118e-01
1.424048762440682236e-01 1.020392065637704959e-01 1.451639740216763563e-01 3.770808996586535455e-01 1.385781030598179364e-01 8.833561111328860904e-02 2.447334274181426905e-01
1.726222222694350633e-02 3.636036870361059048e-01 1.532686055465362074e-01 2.441176024652297327e-01 7.341956195527490348e-01 6.625842285669678033e-02 9.034929461904171732e-03
6.506976359659106812e-01 5.795202314482011952e-01 2.659837854380647237e-01 4.323186228788070684e-01 2.711402662833805599e-01 2.633137258446004436e-01 4.551213886776149242e-01
1.142346266563270818e-01 9.835814492854422220e-02 4.005531417903009372e-01 4.662778988304061567e-01 5.606204677209948306e-01 2.314307449386101556e-01 1.394458274460450009e-01
5.872494934111375242e-01 7.121299394105522484e-01 1.659393145294684457e-01 4.714768919141829606e-01 4.896324689588892054e-02 1.583379257500865667e-01 1.883171064179235132e-01
2.441306019016749873e-01 2.011968933527469305e-01 4.470886971677560245e-02 1.629602815850121900e-01 4.589909029768091120e-01 4.195800460736800463e-01 1.270164156111502907e-01
3.408941612095613971e-01 5.158846298846810896e-01 5.923156099330295632e-01 3.532480500231212628e-01 3.291470739612064600e-01 3.483996641855907628e-01 4.240927163425513013e-01
6.415644460282528272e-02 1.917313052541036733e-01 3.267572756125096678e-01 1.325217779205157265e-01 1.240494214095835129e-01 4.212416528130177307e-01 4.653186000135108857e-01
2.385769985697455686e-01 4.521480373002035452e-02 1.411738348655742770e-01 1.106247842438042583e-01 1.365319038364871118e-01 5.959554795346387601e-02 1.655991109900050162e-01
1.204639977707625959e-01 7.376742551126944103e-02 4.542176786820295020e-01 4.299468805568439356e-01 8.255912785879226945e-02 1.013715632549806178e-01 2.598481471183922142e-01
2.689455785037161428e-01 5.507945241189722285e-01 2.587974482385629882e-01 1.050773334022923611e-01 8.138574223068716085e-02 1.705189495796609889e-01 1.230243819709967990e-01
2.892856144212660463e-01 1.269260507785277270e-01 2.985982292635569468e-01 9.972854017421234341e-02 4.501831356514466309e-01 2.905630771524354006e-01 3.532505388421170456e-01
2.574133333333333135e-02 4.048352384182510866e-01 1.709948211651441535e-02 3.694137469611026847e-01 5.351097456913335437e-02 5.994112296168052634e-02 6.382226383907221301e-01
3.807315712402590258e-01 2.663723927456113083e-01 6.064736931445334767e-01 1.639644444444444613e-02 5.722537271079437549e-01 1.367155555555555624e-01 1.537686805244400934e-01
2.474244544375453769e-01 2.819016774915856782e-01 3.204098665657250100e-01 2.937279656728158939e-01 4.265239387125608489e-02 1.377008293114098114e-01 2.345532271405906255e-01
3.751466667647555819e-02 3.649577922283088194e-01 1.277418737619260836e-01 1.105601006402529007e-01 1.587993551256509095e-01 6.725945886594856260e-01 3.500481413298165562e-02
8.932311972584412729e-02 6.529436003136812605e-01 3.431262196765307027e-02 2.902405269995899650e-01 4.183875680920320222e-02 1.693528888888888861e-01 1.673269006541896475e-01
2.013147304104390689e-01 5.204977777777777814e-02 2.524646494974100985e-01 1.927473233587272405e-01 4.079183784573820470e-01 1.007741405341704977e-01 1.097111503667518306e-01
3.304782339279538350e-01 6.940029963435951910e-01 7.021780549143379346e-01 2.237735909520713051e-01 1.788284863668051783e-01 6.716388109282713792e-01 1.623225806600520071e-01
4.459286226359193694e-01 1.443998905263929600e-01 1.735311170112928125e-01 4.876436092649976684e-01 4.937624543366471164e-01 2.786414432131086305e-01 6.541100005042377319e-02
1.733608889153460675e-01 1.684602976114422945e-02 4.727527172602233319e-01 1.510131322768941131e-01 1.917105854094011685e-01 6.803773472942308276e-01 1.534318583667808322e-01
7.477244444444444693e-02 6.097065284033285903e-02 3.714573899729134432e-01 1.830202965926720216e-01 4.126996255145867765e-02 1.623443096609860636e-01 1.435606347456627185e-01
4.954757613606632083e-02 3.222804504934227987e-01 1.096103207395740520e-01 2.777610298686365997e-01 2.239374894838148666e-01 1.396209267083911576e-01 2.566274921203036685e-01
9.063087970811668781e-02 8.691469485518468763e-02 2.408623017733210747e-01 1.753232601436492399e-01 6.483541444127365327e-01 2.605973333333333475e-01 2.930233158765234158e-01
7.164744645833240333e-02 9.470222239274851683e-02 3.747719776040002726e-01 3.293012144619705817e-01 2.421620620953267855e-01 1.833503961487339684e-01 8.062948409358934310e-01
3.985822084192013337e-01 7.316873861152753955e-01 1.626711111111110997e-01 5.916994259905052900e-01 3.639218730360174181e-01 5.259635267542461801e-01 6.208106779769836936e-02
2.447547056231789697e-01 1.150026002348941145e-01 3.488269987818187201e-01 4.414284720176824828e-01 1.586543070237978470e-01 1.660053333333333381e-01 3.649234828266978425e-01
2.897733556572363867e-01 2.394255838639397782e-01 2.791452099503272111e-01 8.941352765311989803e-02 4.927504493298289212e-01 2.346413972426283356e-01 1.221280004586617896e-01
9.125333333333334254e-03 5.200746666666666851e-01 7.091895336726024013e-01 1.754118388563636610e-01 8.626454387930688750e-01 5.120313018142206296e-01 6.252000000000000612e-03
3.348347562991025872e-01 3.845377238660415142e-01 3.005501410427926512e-01 4.044656186733064929e-01 5.680249517440894014e-01 2.625720627834273735e-01 5.400644528290718949e-01
6.784086410830528768e-01 3.100818279161442481e-01 2.128944170815830206e-01 6.306836560401216096e-02 1.816500540963405380e-02 1.982044447374433846e-02 6.058332762206449784e-01
5.901601096894228959e-01 4.013713349439883282e-02 2.567760203965835375e-01 6.338363909588420331e-01 4.941782997884434647e-01 2.118105487115398700e-01 2.889537128640657926e-01
3.368267200410510198e-01 1.803863295251039722e-01 3.815733192193714041e-02 1.612549474678938721e-01 3.594140250308265339e-01 4.914750321367254426e-01 3.480290259530692265e-01
6.698534084123628496e-01 6.592167208164886882e-02 1.665582222222222186e-01 9.132736092650450832e-02 2.141805785102409987e-01 6.703907963021675798e-01 4.706424211651921707e-01
9.551896518618338550e-02 5.547656512522108202e-02 2.218292272515348662e-01 1.793252563716089543e-01 7.401639401058779377e-01 1.195644244824953101e-01 4.056177777777777993e-02
3.071785939995187453e-01 7.277581652233567899e-01 2.977583485943161024e-01 2.444496964692084995e-01 7.043911115091253117e-02 3.501041623097470579e-01 1.098728202435779594e-01
7.952787093339179492e-02 6.880464963524504096e-01 3.699052050916137868e-01 4.110659418642365615e-01 4.234236285703900371e-02 6.520242478390677610e-01 7.977813286673360871e-01
3.070284444342623043e-01 6.138354890040442768e-01 4.574244645667164821e-01 7.619181578495717311e-01 4.739803839689967213e-01 2.033057079285372215e-01 5.318681674759835332e-01
3.622373333333333556e-01 2.463274264430270755e-01 7.527205307908586829e-02 2.312891711293686980e-01 2.874476937857842751e-01 2.917166225870498342e-01 5.160819267097036533e-01
4.940799986947985722e-02 1.040277219755519900e-01 1.531457125888682214e-01 3.099352805562994306e-01 1.294467608670899494e-01 2.811832011711948853e-01 5.224621768037401859e-02
3.749788266177472851e-01 1.772059517798368344e-01 6.343066666666666298e-02 2.991737997745304023e-01 1.637155555555555586e-02 2.712930453874431436e-01 2.579058045137447852e-01
1.041182222324444073e-01 6.127402390942207067e-01 9.472927931208655061e-02 9.097085781477112221e-01 8.677499587569383888e-01 2.575932428074849123e-01 1.704569790038653887e-01
7.818995890222153466e-01 4.553911111013683177e-01 1.413056133662032310e-01 7.996395053294541588e-02 5.312108887145421121e-02 1.486684444802373883e-01 7.885468489119974722e-02
1.909103725484750658e-01 3.028225630132277413e-01 3.186065389715583285e-01 5.296758212877079597e-01 1.103291385747954129e-01 3.901832667656552900e-01 6.644142952936131774e-01
2.858818289026315851e-01 4.573485939151018531e-01 9.300800002107953435e-02 3.906951111719365599e-01 1.648636909874500456e-01 6.259533443717756329e-01 9.796335080760545932e-02
3.955007599890796866e-01 3.057485468907949339e-02 7.546901254858107144e-02 4.497404013801901690e-01 1.634133333333333271e-02 4.323868118649392689e-01 3.147377777777777830e-01
6.870898193228727191e-01 3.850004588919233028e-01 8.515054133040562689e-01 2.664146943436307979e-01 2.086908392555779090e-01 8.469516006106565520e-01 2.944819450494133850e-01
5.148195099193189073e-01 1.159408168223938218e-01 4.690796739415381000e-01 4.525533586840277955e-01 4.925987267543709136e-02 8.058075899563491018e-02 2.478497508007613537e-01
6.254577778935883903e-02 3.665479937765619978e-01 2.050425874383924874e-01 1.157526665582390424e-01 5.895032525846684995e-02 1.426857552993827938e-01 1.475888932822913280e-01
1.784830615713188795e-01 8.454416311377133120e-01 9.650492822318846864e-01 7.215614905445595362e-01 9.385503125939245184e-01 9.731600292622283321e-01 9.424872793918606106e-01
1.379913045482765166e-01 1.243871406834996807e-01 4.758466386847102769e-01 1.599544595870447394e-01 5.751802069441031007e-01 2.651837238922193363e-01 4.621062013597820317e-01
5.393999297994006570e-02 1.613479060296726941e-01 1.488174265726403267e-01 4.720806454595769530e-01 4.049653020912320489e-01 1.742854251578487002e-01 9.917943218024112551e-02
2.528110965523052908e-02 7.539215785832070749e-01 2.272434175660645039e-01 1.531505657388304298e-01 3.614431180608279615e-01 1.097082987756993755e-01 5.168649521865836816e-01
1.168995465195670491e-01 5.711560530791385260e-01 4.763800990083791875e-01 5.729035134162585585e-01 5.313750690894774031e-01 2.196966213857339256e-01 2.772606083705448921e-01
1.878134672993676535e-01 1.553966270832280450e-01 5.670424949324078812e-01 2.409914499356151651e-01 3.517459587344539118e-01 4.369912424579621701e-01 1.521676907861274353e-01
1.602727707736424645e-01 3.975133980916847332e-01 2.867260979886716021e-01 1.735335410233283526e-01 4.475142952645851102e-02 2.302094899024672570e-01 5.973155637777396998e-02
2.512177777777777760e-02 1.859309487959913132e-01 1.758879999784696002e-01 6.803734192259867919e-02 4.610695049801287748e-01 7.547555986063423372e-01 3.578351759871887250e-01
7.820029359167628424e-01 2.616647395627952899e-01 1.915198462517577749e-01 4.657010896835532821e-01 2.524863288187095822e-01 3.279534988787121547e-02 1.102935404228592153e-01
2.113600000000024140e-02 2.129850078224212739e-01 5.220904985578811441e-01 1.671887280923642916e-01 1.949718727365084558e-01 1.707377794185343037e-02 8.062140949200805040e-02
1.004440456381173075e+00 2.533378696483050696e-01 3.993183983007254634e-01 6.456705251041856553e-01 1.013702398490575973e+00 5.890227668738122757e-01 4.255723104130282319e-01
5.990312078708363019e-01 2.182135529412130015e-01 1.330399993415990259e-02 4.960326645091419628e-01 6.885873565528163875e-02 2.035889372138368070e-01 6.086413361576599179e-01
1.252232148495575070e-01 1.585602299129459103e-01 7.288881371276806354e-02 3.184757162946555420e-01 5.636139817876517633e-02 7.106541284744626319e-01 1.630220090539441780e-01
4.189932547561117659e-01 4.021369852188095839e-01 3.115436219347511582e-01 9.145062332835436625e-02 2.174478415725094038e-01 1.308692528127341492e-01 1.971043888237875574e-01
2.604828969224548540e-01 7.805076797196868199e-01 3.393162565121875529e-01 5.797856603608160242e-01 3.042659472225790473e-01 4.862287541002134617e-02 6.678598585191627413e-01
8.111425339851081884e-02 1.804401843485599066e-01 9.416355561850391076e-02 2.442458591003791590e-01 4.040089886640590433e-01 4.791746007622578185e-01 2.451484813389318285e-01
1.093937064434523793e-01 5.133921774714511610e-01 3.379605223649635726e-02 1.242810069698290776e-01 4.262593957378331133e-01 3.343321273615320610e-01 5.667860139458777979e-01
2.596158789131548517e-01 2.937873216814184674e-01 3.889467770065899166e-01 2.844385103758138578e-01 5.110904914216531925e-01 8.975699143315084283e-02 2.944266740178329012e-01
4.014748806065976394e-01 2.212749669486895332e-01 2.558026751666941934e-01 1.113045152172059682e-01 3.965470524410559805e-01 4.300331138598376679e-01 1.994524512764709601e-01
8.291786200363673309e-01 5.811989133100149418e-01 4.553824954637740730e-01 8.131155555555555359e-02 8.833309494194169220e-01 9.148802952483248152e-02 3.739564527113943271e-01
2.361269035354741641e-01 5.215421978387266844e-01 3.113781190578883695e-01 4.722648001826557640e-01 8.731293059740756826e-03 1.647140327787320335e-01 2.662303006336665945e-01
1.911377488384733148e-01 4.549254335632264556e-01 1.787928804673226957e-01 8.424653072118731822e-02 1.434603253698738812e-01 2.397484684232361885e-01 2.862580617011806217e-01
8.536317470432228660e-01 5.463867214369884096e-01 6.080636786843825886e-02 6.734203078395155639e-01 2.528985985713460005e-01 1.372554597576476909e-01 3.259236897276636125e-01
6.632757386038132807e-01 4.055934930171777725e-02 1.313072321612655802e-01 2.124805247284712317e-01 7.443911193022506589e-02 4.184766898447187522e-01 5.173889562506699402e-01
6.904971877840312411e-01 6.953311130018997588e-01 3.376987792725461013e-02 4.774581235706206184e-01 4.274574707778950877e-01 9.234552981246802600e-03 5.434942964949527333e-01
