8.675985336303710938e-01 -1.886812925338745117e+00 1.656334847211837769e-01 1.886728554964065552e-01 -1.651823878288269043e+00 8.017143607139587402e-02 2.459096014499664307e-01
1.503008723258972168e+00 -2.754633188247680664e+00 1.886678934097290039e-01 2.205487489700317383e-01 -1.620851039886474609e+00 6.540235877037048340e-02 3.923147022724151611e-01
1.545691251754760742e+00 -1.510461091995239258e+00 2.078843861818313599e-01 1.772327721118927002e-01 -1.585820198059082031e+00 1.194762289524078369e-01 2.803633213043212891e-01
4.839529842138290405e-02 -2.536738634109497070e+00 1.568752527236938477e-01 2.065864503383636475e-01 -1.643366575241088867e+00 1.109055429697036743e-01 3.056485354900360107e-01
1.111812949180603027e+00 -1.632074952125549316e+00 2.116766273975372314e-01 2.292709052562713623e-01 -1.817780017852783203e+00 8.154121041297912598e-02 3.845005631446838379e-01
1.336400270462036133e+00 -2.653018951416015625e+00 2.735252678394317627e-01 2.362734377384185791e-01 -9.167037010192871094e-01 8.735188841819763184e-02 2.904584109783172607e-01
1.241316318511962891e+00 -2.362691879272460938e+00 2.453674972057342529e-01 3.178072571754455566e-01 -1.883738279342651367e+00 7.496322691440582275e-02 3.880515694618225098e-01
9.236130118370056152e-01 -2.402579069137573242e+00 1.353900134563446045e-01 2.077373564243316650e-01 -1.292135596275329590e+00 5.453337728977203369e-02 3.440861701965332031e-01
1.208994269371032715e+00 -1.786455392837524414e+00 1.429238021373748779e-01 1.654163599014282227e-01 -1.911515712738037109e+00 1.311617493629455566e-01 3.900984525680541992e-01
6.387773752212524414e-01 -1.989775657653808594e+00 2.559222280979156494e-01 2.855330109596252441e-01 -1.985092401504516602e+00 5.174986273050308228e-02 2.939875721931457520e-01
4.442951083183288574e-01 -1.875055074691772461e+00 2.557293772697448730e-01 3.089289069175720215e-01 -1.624523282051086426e+00 8.993327617645263672e-02 2.202854156494140625e-01
1.076003313064575195e+00 -2.646575927734375000e+00 1.609819978475570679e-01 3.253308236598968506e-01 -1.267158985137939453e+00 7.799479365348815918e-02 3.943682312965393066e-01
1.212285995483398438e+00 -1.716101527214050293e+00 2.756262719631195068e-01 2.310123741626739502e-01 -9.776612520217895508e-01 1.024885475635528564e-01 2.539906203746795654e-01
8.487055897712707520e-01 -1.918291211128234863e+00 2.233033329248428345e-01 2.596441507339477539e-01 -1.942719101905822754e+00 1.253466159105300903e-01 2.476549893617630005e-01
7.435472011566162109e-01 -2.602620840072631836e+00 2.010139524936676025e-01 2.331763058900833130e-01 -1.634798884391784668e+00 5.077403783798217773e-02 2.470162957906723022e-01
1.140168905258178711e+00 -1.449652552604675293e+00 2.692867517471313477e-01 3.201629519462585449e-01 -1.723420500755310059e+00 1.174256205558776855e-01 3.525096178054809570e-01
1.150886535644531250e+00 -2.365622997283935547e+00 1.516409814357757568e-01 3.137026429176330566e-01 -1.298135519027709961e+00 9.957846999168395996e-02 3.165900409221649170e-01
1.418926477432250977e+00 -2.213006734848022461e+00 1.995244026184082031e-01 3.351298570632934570e-01 -1.232309341430664062e+00 7.279955595731735229e-02 3.107165694236755371e-01
7.618980407714843750e-01 -2.086967468261718750e+00 1.787206232547760010e-01 3.443231582641601562e-01 -1.014288663864135742e+00 1.026777550578117371e-01 3.248354494571685791e-01
1.034837841987609863e+00 -2.501977920532226562e+00 2.117808163166046143e-01 3.117271661758422852e-01 -1.467513799667358398e+00 7.171659916639328003e-02 3.165085017681121826e-01
4.968826472759246826e-01 -1.546132922172546387e+00 2.477228343486785889e-01 1.872284412384033203e-01 -1.978041052818298340e+00 1.215061694383621216e-01 2.508080005645751953e-01
1.319394707679748535e+00 -1.566128134727478027e+00 2.688020765781402588e-01 1.742552071809768677e-01 -1.520461201667785645e+00 5.536105856299400330e-02 2.538700997829437256e-01
6.984503865242004395e-01 -1.468330740928649902e+00 2.727924585342407227e-01 2.206084132194519043e-01 -9.764559268951416016e-01 1.270314007997512817e-01 3.939432501792907715e-01
8.966052532196044922e-01 -1.525384187698364258e+00 1.848490536212921143e-01 2.503405213356018066e-01 -9.577814340591430664e-01 1.403938978910446167e-01 3.364872038364410400e-01
3.969866335391998291e-01 -2.989820718765258789e+00 2.262978553771972656e-01 1.616272330284118652e-01 -1.377053976058959961e+00 1.270966380834579468e-01 3.232193887233734131e-01
8.865315914154052734e-01 -1.382225275039672852e+00 1.300483345985412598e-01 2.383046895265579224e-01 -1.703840494155883789e+00 7.108914852142333984e-02 2.546563744544982910e-01
1.258556365966796875e+00 -2.188864231109619141e+00 1.559446156024932861e-01 3.364152908325195312e-01 -9.315663576126098633e-01 6.655713915824890137e-02 3.376460075378417969e-01
1.357210516929626465e+00 -1.863840103149414062e+00 2.788006961345672607e-01 3.392633199691772461e-01 -1.778545975685119629e+00 1.008581519126892090e-01 2.270735949277877808e-01
1.338689208030700684e+00 -2.281794071197509766e+00 1.680290549993515015e-01 1.683883070945739746e-01 -1.163970947265625000e+00 8.999277651309967041e-02 2.449202537536621094e-01
1.151884198188781738e+00 -1.473635196685791016e+00 1.955488026142120361e-01 1.660345643758773804e-01 -1.258051514625549316e+00 6.141692399978637695e-02 2.985637784004211426e-01
1.069201469421386719e+00 -1.771688818931579590e+00 2.251642346382141113e-01 2.290267944335937500e-01 -1.533392667770385742e+00 5.610361322760581970e-02 2.100147008895874023e-01
1.325129628181457520e+00 -2.035609006881713867e+00 1.219791546463966370e-01 2.534794211387634277e-01 -1.298917770385742188e+00 9.623711556196212769e-02 2.304802685976028442e-01
8.911269307136535645e-01 -2.110500812530517578e+00 2.174983322620391846e-01 2.533270716667175293e-01 -1.208914041519165039e+00 1.098961085081100464e-01 2.234728634357452393e-01
9.748210310935974121e-01 -2.234700679779052734e+00 2.537204921245574951e-01 3.105126023292541504e-01 -1.386550426483154297e+00 1.121499612927436829e-01 2.341189682483673096e-01
6.715528964996337891e-01 -2.638521194458007812e+00 2.129208147525787354e-01 2.482911646366119385e-01 -1.275420188903808594e+00 7.546465843915939331e-02 3.718332052230834961e-01
1.206472158432006836e+00 -2.425194025039672852e+00 1.372815370559692383e-01 2.960146665573120117e-01 -1.399791240692138672e+00 1.014937460422515869e-01 2.941748499870300293e-01
3.080061972141265869e-01 -1.540360689163208008e+00 1.331285685300827026e-01 1.821141839027404785e-01 -1.415476679801940918e+00 1.478227972984313965e-01 2.426388263702392578e-01
1.153667211532592773e+00 -1.996538043022155762e+00 2.124612331390380859e-01 3.114899098873138428e-01 -1.208882093429565430e+00 5.639531835913658142e-02 2.738159596920013428e-01
1.568752646446228027e+00 -1.431295752525329590e+00 1.812587529420852661e-01 3.062101602554321289e-01 -1.363907337188720703e+00 8.618721365928649902e-02 2.431222796440124512e-01
9.210236668586730957e-01 -2.861323118209838867e+00 2.469388842582702637e-01 1.689853668212890625e-01 -1.667587041854858398e+00 6.046401336789131165e-02 2.061020880937576294e-01
4.792489707469940186e-01 -2.637694358825683594e+00 1.718651056289672852e-01 2.163212001323699951e-01 -1.510975599288940430e+00 8.362559974193572998e-02 3.855538368225097656e-01
1.036280632019042969e+00 -2.137632131576538086e+00 1.735611706972122192e-01 3.184695839881896973e-01 -1.233867883682250977e+00 7.837191224098205566e-02 2.615000903606414795e-01
8.282968401908874512e-01 -2.872875213623046875e+00 1.855222880840301514e-01 1.830491572618484497e-01 -1.828974246978759766e+00 7.014349848031997681e-02 3.837229609489440918e-01
9.159024953842163086e-01 -2.178599834442138672e+00 1.759621202945709229e-01 2.807167470455169678e-01 -1.874995470046997070e+00 5.840330198407173157e-02 2.465989887714385986e-01
1.327507853507995605e+00 -1.669022321701049805e+00 2.266139686107635498e-01 1.598222255706787109e-01 -1.163072824478149414e+00 5.160693079233169556e-02 3.432124853134155273e-01
1.301956534385681152e+00 -2.017433166503906250e+00 2.108753323554992676e-01 3.100816607475280762e-01 -1.639363765716552734e+00 6.382191181182861328e-02 3.400095701217651367e-01
5.889915227890014648e-01 -2.275183439254760742e+00 1.528474092483520508e-01 3.247184753417968750e-01 -9.764956235885620117e-01 8.644287288188934326e-02 3.090165257453918457e-01
3.355687856674194336e-01 -1.445548176765441895e+00 2.246567010879516602e-01 3.273117542266845703e-01 -9.640730619430541992e-01 1.489045172929763794e-01 2.021488249301910400e-01
2.529229521751403809e-01 -1.688276648521423340e+00 2.366588413715362549e-01 2.357934117317199707e-01 -1.696657776832580566e+00 8.858484029769897461e-02 2.869607508182525635e-01
7.860208153724670410e-01 -1.479137897491455078e+00 2.385910451412200928e-01 3.302357196807861328e-01 -1.341050624847412109e+00 5.825448036193847656e-02 2.971584796905517578e-01
1.336790084838867188e+00 -2.374223232269287109e+00 2.383104115724563599e-01 3.057397603988647461e-01 -1.550339102745056152e+00 8.371210098266601562e-02 3.423994183540344238e-01
1.077121734619140625e+00 -2.191905736923217773e+00 2.797025144100189209e-01 2.321896553039550781e-01 -1.434880971908569336e+00 1.419209390878677368e-01 2.066070288419723511e-01
1.219501972198486328e+00 -1.817816972732543945e+00 2.397610992193222046e-01 3.052951693534851074e-01 -1.463788747787475586e+00 1.457756459712982178e-01 2.321489602327346802e-01
1.450359344482421875e+00 -2.213192462921142578e+00 2.401567697525024414e-01 1.995914578437805176e-01 -1.155053615570068359e+00 1.245698779821395874e-01 3.779509067535400391e-01
3.834236860275268555e-01 -1.696282982826232910e+00 1.774893999099731445e-01 1.730451434850692749e-01 -1.356020450592041016e+00 5.316747725009918213e-02 3.146703839302062988e-01
1.491373181343078613e-01 -2.433723211288452148e+00 2.424668222665786743e-01 2.404875457286834717e-01 -1.169475078582763672e+00 5.573668703436851501e-02 3.929575979709625244e-01
2.707191407680511475e-01 -2.651331424713134766e+00 2.606634199619293213e-01 2.579058706760406494e-01 -1.253046751022338867e+00 1.204569339752197266e-01 3.927940726280212402e-01
1.308117508888244629e-01 -1.730360984802246094e+00 1.825004816055297852e-01 2.690966427326202393e-01 -1.200409412384033203e+00 5.165120586752891541e-02 3.973554968833923340e-01
6.529873013496398926e-01 -1.776086091995239258e+00 1.446757018566131592e-01 2.046716511249542236e-01 -1.538071632385253906e+00 9.324239194393157959e-02 3.795626163482666016e-01
1.180013298988342285e+00 -2.144212722778320312e+00 1.960343718528747559e-01 2.159774899482727051e-01 -1.120395660400390625e+00 6.412754207849502563e-02 3.037657439708709717e-01
1.969809681177139282e-01 -1.821423411369323730e+00 1.942359209060668945e-01 3.253507316112518311e-01 -1.248840928077697754e+00 9.194275736808776855e-02 3.675765395164489746e-01
9.334812313318252563e-02 -2.157803058624267578e+00 2.032519578933715820e-01 1.616853773593902588e-01 -1.924188017845153809e+00 6.212018802762031555e-02 2.939989268779754639e-01
1.454360961914062500e+00 -2.618129730224609375e+00 1.892081052064895630e-01 3.233882188796997070e-01 -1.421847105026245117e+00 1.177583336830139160e-01 2.456001639366149902e-01
1.147386074066162109e+00 -1.473719716072082520e+00 1.373731195926666260e-01 2.705148756504058838e-01 -1.740792751312255859e+00 7.775749266147613525e-02 2.787294983863830566e-01
9.893473982810974121e-01 -2.903821229934692383e+00 1.810198575258255005e-01 3.255256116390228271e-01 -1.574228763580322266e+00 9.371849894523620605e-02 3.488845825195312500e-01
1.270213842391967773e+00 -1.661355137825012207e+00 1.950901150703430176e-01 3.293235301971435547e-01 -1.239386439323425293e+00 7.478026300668716431e-02 3.332623243331909180e-01
9.735664129257202148e-01 -2.702529191970825195e+00 2.218268215656280518e-01 3.129364848136901855e-01 -1.836948037147521973e+00 6.792898476123809814e-02 3.656907677650451660e-01
2.861954569816589355e-01 -1.554934263229370117e+00 2.782787978649139404e-01 2.344267368316650391e-01 -1.998390436172485352e+00 6.548634916543960571e-02 2.211399525403976440e-01
3.402563035488128662e-01 -2.129550457000732422e+00 2.540073990821838379e-01 2.967128455638885498e-01 -1.293160796165466309e+00 5.409227684140205383e-02 2.937735915184020996e-01
5.681880116462707520e-01 -1.957895636558532715e+00 2.145968973636627197e-01 3.117679059505462646e-01 -1.353329658508300781e+00 1.294479817152023315e-01 3.873725235462188721e-01
6.404109597206115723e-01 -1.550706267356872559e+00 1.773214042186737061e-01 2.847077250480651855e-01 -1.094998717308044434e+00 1.236851811408996582e-01 3.361827135086059570e-01
1.240217685699462891e+00 -2.303393602371215820e+00 2.273648679256439209e-01 2.497660368680953979e-01 -1.132513403892517090e+00 6.375986337661743164e-02 2.885105013847351074e-01
5.202539265155792236e-02 -1.406435847282409668e+00 2.007254064083099365e-01 2.294412255287170410e-01 -1.857294321060180664e+00 1.022443622350692749e-01 2.782345116138458252e-01
7.566212415695190430e-01 -1.838203907012939453e+00 1.518181562423706055e-01 2.936477661132812500e-01 -1.410477399826049805e+00 1.411974579095840454e-01 2.004752904176712036e-01
1.350428223609924316e+00 -2.818108320236206055e+00 2.191278040409088135e-01 2.640109062194824219e-01 -1.384068369865417480e+00 1.316903233528137207e-01 3.688881397247314453e-01
8.344069123268127441e-01 -2.633688688278198242e+00 1.788095831871032715e-01 1.923996806144714355e-01 -1.595909357070922852e+00 7.786255329847335815e-02 2.565246522426605225e-01
1.488850861787796021e-01 -2.281741619110107422e+00 2.532131373882293701e-01 3.248381614685058594e-01 -1.789172530174255371e+00 9.069646894931793213e-02 2.095216065645217896e-01
6.647378206253051758e-01 -2.124097108840942383e+00 1.855420768260955811e-01 2.223716527223587036e-01 -1.152989149093627930e+00 9.286816418170928955e-02 2.883120179176330566e-01
1.443238735198974609e+00 -2.320240020751953125e+00 1.807353198528289795e-01 3.336265087127685547e-01 -1.957931160926818848e+00 1.256463825702667236e-01 3.590543270111083984e-01
8.742616176605224609e-01 -2.667913675308227539e+00 2.509648799896240234e-01 2.631749510765075684e-01 -1.189838290214538574e+00 1.109553426504135132e-01 3.909233212471008301e-01
4.797510057687759399e-02 -2.173573017120361328e+00 2.492866516113281250e-01 2.680853009223937988e-01 -1.246252298355102539e+00 5.544126033782958984e-02 2.327030301094055176e-01
5.765897035598754883e-01 -2.536709308624267578e+00 1.243585348129272461e-01 1.720077395439147949e-01 -1.836965680122375488e+00 1.232915520668029785e-01 2.860700190067291260e-01
1.160127297043800354e-01 -2.107394695281982422e+00 1.720409989356994629e-01 2.631638944149017334e-01 -1.018259048461914062e+00 5.100465938448905945e-02 3.232475817203521729e-01
2.515428960323333740e-01 -1.722429037094116211e+00 1.588662862777709961e-01 2.108687460422515869e-01 -1.297230243682861328e+00 1.190086156129837036e-01 2.012983411550521851e-01
1.204302787780761719e+00 -2.657887935638427734e+00 2.706274390220642090e-01 3.019747734069824219e-01 -1.477930903434753418e+00 7.010275125503540039e-02 3.921215832233428955e-01
1.421809434890747070e+00 -1.950532555580139160e+00 2.304295301437377930e-01 3.338021039962768555e-01 -1.218807101249694824e+00 1.078443676233291626e-01 3.353668749332427979e-01
1.363897562026977539e+00 -1.812498211860656738e+00 2.475862503051757812e-01 3.185466527938842773e-01 -1.314997673034667969e+00 5.507561191916465759e-02 3.258951008319854736e-01
1.001386284828186035e+00 -1.889815449714660645e+00 1.605760008096694946e-01 2.710489630699157715e-01 -1.683540582656860352e+00 1.162481307983398438e-01 3.325796723365783691e-01
1.225672006607055664e+00 -2.284847021102905273e+00 1.639468520879745483e-01 2.003194689750671387e-01 -1.337274670600891113e+00 1.168948858976364136e-01 2.214857637882232666e-01
3.922539949417114258e-01 -2.088680267333984375e+00 2.355743199586868286e-01 3.163452744483947754e-01 -1.099282145500183105e+00 1.366888731718063354e-01 2.908364534378051758e-01
1.214254856109619141e+00 -2.769193410873413086e+00 2.767290472984313965e-01 2.864647507667541504e-01 -1.034868597984313965e+00 9.722588956356048584e-02 2.698095142841339111e-01
5.676260590553283691e-01 -1.321171164512634277e+00 1.507092863321304321e-01 1.564769744873046875e-01 -1.570692896842956543e+00 9.149411320686340332e-02 3.064293265342712402e-01
1.023018598556518555e+00 -1.832940578460693359e+00 2.677979469299316406e-01 1.805443763732910156e-01 -1.061904668807983398e+00 1.357062608003616333e-01 3.908219635486602783e-01
7.481147050857543945e-01 -2.551097869873046875e+00 2.340588718652725220e-01 2.324156463146209717e-01 -1.965632557868957520e+00 5.428598076105117798e-02 2.833726108074188232e-01
2.759948372840881348e-02 -2.916208982467651367e+00 1.530311703681945801e-01 1.973067224025726318e-01 -1.118183135986328125e+00 1.045208871364593506e-01 3.127864003181457520e-01
6.072897315025329590e-01 -2.279046535491943359e+00 1.660370230674743652e-01 2.144631892442703247e-01 -1.311895966529846191e+00 7.519620656967163086e-02 3.837564289569854736e-01
1.289438962936401367e+00 -1.535900235176086426e+00 1.354620009660720825e-01 3.070755600929260254e-01 -1.194738388061523438e+00 1.183804273605346680e-01 3.411569595336914062e-01
3.951146602630615234e-01 -1.765155792236328125e+00 2.798430025577545166e-01 3.317342698574066162e-01 -1.216189146041870117e+00 1.126578152179718018e-01 3.380889892578125000e-01
1.489643335342407227e+00 -1.582869529724121094e+00 2.312875986099243164e-01 3.031904399394989014e-01 -9.228764772415161133e-01 7.671625912189483643e-02 2.418691217899322510e-01
7.388569116592407227e-01 -1.954506874084472656e+00 2.440841197967529297e-01 1.708847284317016602e-01 -1.970673680305480957e+00 1.155757606029510498e-01 3.725380897521972656e-01
7.440198659896850586e-01 -2.073770046234130859e+00 1.697497069835662842e-01 2.724766135215759277e-01 -1.611763477325439453e+00 1.311113834381103516e-01 3.453675806522369385e-01
6.362930536270141602e-01 -1.630834341049194336e+00 1.262503564357757568e-01 2.001521289348602295e-01 -1.778775334358215332e+00 1.057038605213165283e-01 2.256022542715072632e-01
7.545738220214843750e-01 -2.471457004547119141e+00 1.803135871887207031e-01 2.559642791748046875e-01 -1.782281637191772461e+00 1.255665719509124756e-01 3.607927560806274414e-01
2.147927135229110718e-01 -1.846126675605773926e+00 2.582003772258758545e-01 2.851656675338745117e-01 -1.731843233108520508e+00 1.067937090992927551e-01 3.400262594223022461e-01
2.188892513513565063e-01 -1.831708192825317383e+00 1.930114477872848511e-01 3.308540284633636475e-01 -1.159459352493286133e+00 1.330575644969940186e-01 3.544001877307891846e-01
1.307413458824157715e+00 -1.920970559120178223e+00 1.362871676683425903e-01 3.376691341400146484e-01 -1.883697628974914551e+00 1.049462109804153442e-01 3.369362354278564453e-01
1.173265337944030762e+00 -1.874131917953491211e+00 2.082499861717224121e-01 3.035534024238586426e-01 -1.632735848426818848e+00 5.885746702551841736e-02 3.148711323738098145e-01
1.031740546226501465e+00 -2.298706054687500000e+00 1.993246376514434814e-01 2.714471220970153809e-01 -1.882817506790161133e+00 6.355147808790206909e-02 3.220378160476684570e-01
5.309315323829650879e-01 -2.298283100128173828e+00 2.798419892787933350e-01 1.554310917854309082e-01 -1.644182682037353516e+00 8.236407488584518433e-02 3.765503764152526855e-01
3.260254263877868652e-01 -1.655615687370300293e+00 1.302122771739959717e-01 3.398104608058929443e-01 -1.695347666740417480e+00 1.228334754705429077e-01 3.713025152683258057e-01
1.555637121200561523e+00 -2.653980255126953125e+00 2.175453007221221924e-01 3.003149926662445068e-01 -1.586414575576782227e+00 1.261856108903884888e-01 2.528865933418273926e-01
3.734430670738220215e-01 -2.833686351776123047e+00 2.124072760343551636e-01 3.045150637626647949e-01 -1.001235485076904297e+00 1.460752189159393311e-01 3.339329957962036133e-01
6.843063831329345703e-01 -2.535154104232788086e+00 2.260707318782806396e-01 1.564812660217285156e-01 -1.989205956459045410e+00 7.858267426490783691e-02 2.358224391937255859e-01
1.386664986610412598e+00 -2.834536075592041016e+00 2.199702560901641846e-01 3.176071345806121826e-01 -9.828714132308959961e-01 1.343344002962112427e-01 2.189411669969558716e-01
5.626552700996398926e-01 -1.806927680969238281e+00 2.528019547462463379e-01 1.577670425176620483e-01 -1.865841627120971680e+00 5.029081180691719055e-02 2.896838486194610596e-01
5.356442928314208984e-01 -2.029411554336547852e+00 2.543183267116546631e-01 1.693470478057861328e-01 -1.434268236160278320e+00 6.560831516981124878e-02 3.327193260192871094e-01
4.470921307802200317e-02 -1.668463706970214844e+00 2.607023119926452637e-01 3.181382119655609131e-01 -1.934361457824707031e+00 1.105768978595733643e-01 2.394840270280838013e-01
1.637951433658599854e-01 -1.340898513793945312e+00 2.557105422019958496e-01 1.954082846641540527e-01 -9.183702468872070312e-01 1.454502642154693604e-01 3.802102804183959961e-01
1.425966501235961914e+00 -1.825594663619995117e+00 1.709610372781753540e-01 2.911726236343383789e-01 -1.759089231491088867e+00 1.310876160860061646e-01 2.507311701774597168e-01
3.206785917282104492e-01 -2.685966968536376953e+00 2.183322459459304810e-01 2.966092228889465332e-01 -1.735074520111083984e+00 1.422276496887207031e-01 3.018800020217895508e-01
2.663331031799316406e-01 -2.654833555221557617e+00 1.478109508752822876e-01 2.852445840835571289e-01 -1.899377584457397461e+00 1.045831143856048584e-01 3.035179972648620605e-01
5.409941542893648148e-03 -2.885473251342773438e+00 2.664715051651000977e-01 1.572923660278320312e-01 -1.993767499923706055e+00 1.436554044485092163e-01 3.845010995864868164e-01
5.825868993997573853e-02 -1.345904707908630371e+00 1.210316792130470276e-01 2.380657941102981567e-01 -1.624994993209838867e+00 6.106404215097427368e-02 2.738448083400726318e-01
3.452190756797790527e-01 -1.427450180053710938e+00 1.747649312019348145e-01 1.640698909759521484e-01 -1.299642205238342285e+00 6.752899289131164551e-02 2.558516860008239746e-01
9.255986213684082031e-01 -2.589977979660034180e+00 2.753891050815582275e-01 3.266998529434204102e-01 -1.605315089225769043e+00 9.110748022794723511e-02 2.259229868650436401e-01
3.365007638931274414e-01 -2.798154354095458984e+00 1.479955911636352539e-01 3.426730334758758545e-01 -1.885469794273376465e+00 1.335247159004211426e-01 3.109234571456909180e-01
1.304908156394958496e+00 -1.933400392532348633e+00 1.709203869104385376e-01 2.317688167095184326e-01 -1.520129203796386719e+00 1.174481660127639771e-01 3.849977552890777588e-01
1.302782654762268066e+00 -1.496348738670349121e+00 1.275583058595657349e-01 3.101106882095336914e-01 -1.874393939971923828e+00 8.121879398822784424e-02 2.350446283817291260e-01
1.255469441413879395e+00 -1.955265164375305176e+00 2.486143112182617188e-01 1.537386178970336914e-01 -1.099797725677490234e+00 5.676911026239395142e-02 3.600006699562072754e-01
2.253729104995727539e-01 -2.122207641601562500e+00 2.484476864337921143e-01 2.892417907714843750e-01 -1.513878822326660156e+00 6.169400364160537720e-02 3.571686744689941406e-01
7.456113100051879883e-01 -2.840671777725219727e+00 2.567995488643646240e-01 1.510183811187744141e-01 -1.312092900276184082e+00 9.750508517026901245e-02 3.259840607643127441e-01
5.866428017616271973e-01 -1.516477108001708984e+00 2.771036028861999512e-01 1.726116687059402466e-01 -1.229077577590942383e+00 1.432104706764221191e-01 2.182414382696151733e-01
3.056322038173675537e-01 -2.479701757431030273e+00 1.659713685512542725e-01 3.148196339607238770e-01 -1.237243890762329102e+00 1.308693587779998779e-01 3.533520698547363281e-01
1.378081083297729492e+00 -2.057166337966918945e+00 2.480078339576721191e-01 2.891440987586975098e-01 -1.353350639343261719e+00 8.687736093997955322e-02 3.930453062057495117e-01
4.367572367191314697e-01 -2.439348697662353516e+00 2.335225045680999756e-01 3.474063277244567871e-01 -1.770585060119628906e+00 8.013508468866348267e-02 2.047293931245803833e-01
1.098213434219360352e+00 -2.326683998107910156e+00 1.669189929962158203e-01 1.725491136312484741e-01 -1.008757829666137695e+00 9.506642073392868042e-02 3.084719479084014893e-01
4.729036986827850342e-01 -2.729053258895874023e+00 1.404228508472442627e-01 3.189272880554199219e-01 -1.076142430305480957e+00 1.126868873834609985e-01 2.067117989063262939e-01
1.291121125221252441e+00 -2.859761476516723633e+00 2.153145074844360352e-01 2.603806853294372559e-01 -1.423789620399475098e+00 1.299988031387329102e-01 2.232822030782699585e-01
8.467317819595336914e-01 -2.939165592193603516e+00 2.319896817207336426e-01 2.328745424747467041e-01 -1.671811342239379883e+00 1.185044348239898682e-01 3.356905281543731689e-01
4.452753961086273193e-01 -1.681978583335876465e+00 1.293853968381881714e-01 1.660113930702209473e-01 -1.801010727882385254e+00 1.396703273057937622e-01 2.968491017818450928e-01
1.218763887882232666e-01 -2.850419044494628906e+00 1.856209933757781982e-01 1.684586107730865479e-01 -1.014146447181701660e+00 5.564424023032188416e-02 3.004946112632751465e-01
1.474167585372924805e+00 -1.763181090354919434e+00 2.535433769226074219e-01 2.266268432140350342e-01 -1.152709484100341797e+00 9.970991313457489014e-02 3.547477722167968750e-01
1.185706496238708496e+00 -1.391273260116577148e+00 1.351509988307952881e-01 2.662655115127563477e-01 -1.499930381774902344e+00 5.131619051098823547e-02 3.514417409896850586e-01
7.638760209083557129e-01 -2.357684135437011719e+00 2.439834326505661011e-01 2.150759249925613403e-01 -1.541952133178710938e+00 7.618440687656402588e-02 2.247147858142852783e-01
5.044864416122436523e-01 -2.950615167617797852e+00 2.525039315223693848e-01 1.939190626144409180e-01 -1.628527045249938965e+00 1.238611638545989990e-01 2.445068657398223877e-01
1.498086214065551758e+00 -2.120304584503173828e+00 2.018527686595916748e-01 1.686198264360427856e-01 -1.759724974632263184e+00 1.496442705392837524e-01 2.155539244413375854e-01
1.095791339874267578e+00 -2.554409503936767578e+00 1.568656861782073975e-01 3.414539694786071777e-01 -1.593847513198852539e+00 8.501257002353668213e-02 2.004281729459762573e-01
5.094739198684692383e-01 -2.411058425903320312e+00 2.536290884017944336e-01 3.183885514736175537e-01 -1.444877147674560547e+00 7.099401950836181641e-02 2.262371331453323364e-01
2.278493344783782959e-01 -2.955712318420410156e+00 2.398025244474411011e-01 2.011100947856903076e-01 -1.954107642173767090e+00 1.285778880119323730e-01 3.942700922489166260e-01
5.260417461395263672e-01 -2.849937677383422852e+00 2.613257467746734619e-01 1.747819036245346069e-01 -1.744131445884704590e+00 8.996569365262985229e-02 3.240435719490051270e-01
1.130380034446716309e+00 -1.526515841484069824e+00 2.135086655616760254e-01 2.735852301120758057e-01 -9.765419960021972656e-01 1.305780559778213501e-01 3.020025789737701416e-01
9.386132955551147461e-01 -1.781547427177429199e+00 1.456424742937088013e-01 3.406718671321868896e-01 -1.229238748550415039e+00 8.443301916122436523e-02 3.801980614662170410e-01
1.473601818084716797e+00 -1.392027735710144043e+00 1.667150855064392090e-01 2.327577620744705200e-01 -1.548462152481079102e+00 5.778320133686065674e-02 3.330161571502685547e-01
9.627246111631393433e-02 -1.700108528137207031e+00 1.474839448928833008e-01 1.879379153251647949e-01 -1.905060172080993652e+00 1.272691041231155396e-01 2.664535641670227051e-01
9.494701027870178223e-01 -1.614900350570678711e+00 1.481900811195373535e-01 1.595175117254257202e-01 -9.886596202850341797e-01 9.275585412979125977e-02 2.000826448202133179e-01
1.308416604995727539e+00 -1.382071256637573242e+00 1.853617131710052490e-01 2.092874348163604736e-01 -1.593866348266601562e+00 8.453340828418731689e-02 2.003858536481857300e-01
1.133443355560302734e+00 -1.427927255630493164e+00 1.399486064910888672e-01 2.107602059841156006e-01 -1.783556461334228516e+00 1.327499896287918091e-01 3.399255275726318359e-01
1.259912133216857910e+00 -1.698490977287292480e+00 1.288885474205017090e-01 1.693184971809387207e-01 -1.550083160400390625e+00 8.196923136711120605e-02 2.439538836479187012e-01
1.074933528900146484e+00 -1.547372937202453613e+00 2.046174108982086182e-01 3.019896447658538818e-01 -1.437511682510375977e+00 6.574621796607971191e-02 2.147297412157058716e-01
1.353460997343063354e-01 -2.792624473571777344e+00 2.360626161098480225e-01 2.830004096031188965e-01 -1.805592894554138184e+00 6.473461538553237915e-02 2.020539343357086182e-01
1.367433786392211914e+00 -2.344704389572143555e+00 2.477501332759857178e-01 3.364504277706146240e-01 -1.423661589622497559e+00 1.394388824701309204e-01 3.379313051700592041e-01
7.051956057548522949e-01 -1.851880788803100586e+00 1.729904562234878540e-01 2.143154889345169067e-01 -1.406973123550415039e+00 5.587264522910118103e-02 2.542890012264251709e-01
1.350202322006225586e+00 -1.386934280395507812e+00 1.303071975708007812e-01 1.919551193714141846e-01 -1.139200687408447266e+00 9.626172482967376709e-02 3.485878109931945801e-01
1.339365601539611816e+00 -1.532276272773742676e+00 2.584215402603149414e-01 2.025412321090698242e-01 -1.734575986862182617e+00 9.454421699047088623e-02 2.624773383140563965e-01
1.336499691009521484e+00 -2.485125303268432617e+00 1.352283656597137451e-01 1.614369750022888184e-01 -1.883563280105590820e+00 7.374525070190429688e-02 2.124239951372146606e-01
1.376314282417297363e+00 -2.998440027236938477e+00 1.638678759336471558e-01 1.591472178697586060e-01 -1.547137856483459473e+00 1.085080429911613464e-01 3.710145950317382812e-01
9.370124936103820801e-01 -2.277843713760375977e+00 2.775942683219909668e-01 3.181219995021820068e-01 -9.819366931915283203e-01 9.401839971542358398e-02 3.332646489143371582e-01
1.520564675331115723e+00 -2.468823432922363281e+00 1.411279290914535522e-01 3.364329934120178223e-01 -1.518645286560058594e+00 1.107756644487380981e-01 3.019252419471740723e-01
4.160166382789611816e-01 -1.579433917999267578e+00 1.667916774749755859e-01 1.584568768739700317e-01 -1.069049596786499023e+00 1.435222774744033813e-01 3.101054728031158447e-01
6.736061573028564453e-01 -1.514506697654724121e+00 1.636763364076614380e-01 2.938522994518280029e-01 -1.463312268257141113e+00 1.324126720428466797e-01 3.370654582977294922e-01
1.428452968597412109e+00 -1.569254159927368164e+00 2.112269699573516846e-01 2.384441643953323364e-01 -1.286583185195922852e+00 1.448801755905151367e-01 3.175606131553649902e-01
1.500542759895324707e+00 -1.552850127220153809e+00 2.389357537031173706e-01 2.630643844604492188e-01 -1.224766254425048828e+00 6.863607466220855713e-02 2.339633554220199585e-01
9.741337895393371582e-01 -2.876388788223266602e+00 1.585742384195327759e-01 1.983776092529296875e-01 -1.039677619934082031e+00 1.176560670137405396e-01 2.750663757324218750e-01
3.948757350444793701e-01 -2.740489482879638672e+00 1.983655095100402832e-01 1.947270333766937256e-01 -1.484956979751586914e+00 1.326954960823059082e-01 3.173723220825195312e-01
9.569265246391296387e-01 -2.307514190673828125e+00 2.405716180801391602e-01 2.578065693378448486e-01 -1.356188535690307617e+00 1.476585417985916138e-01 2.559189200401306152e-01
1.516048550605773926e+00 -1.486145019531250000e+00 1.413190364837646484e-01 2.500637471675872803e-01 -1.173823833465576172e+00 5.523627996444702148e-02 3.674964904785156250e-01
6.278367042541503906e-01 -2.644788265228271484e+00 2.119728773832321167e-01 2.096033096313476562e-01 -1.753071546554565430e+00 1.276513636112213135e-01 2.303327620029449463e-01
6.204551458358764648e-01 -1.329118728637695312e+00 1.779848486185073853e-01 3.008025884628295898e-01 -1.750691652297973633e+00 1.400324255228042603e-01 3.335539400577545166e-01
1.262334585189819336e+00 -2.826921939849853516e+00 1.962530612945556641e-01 3.121793866157531738e-01 -1.390332698822021484e+00 1.195973157882690430e-01 2.321326136589050293e-01
1.287980437278747559e+00 -1.646670222282409668e+00 1.400223076343536377e-01 3.058370947837829590e-01 -1.558103919029235840e+00 9.887372702360153198e-02 2.178580760955810547e-01
8.955219984054565430e-01 -2.192350864410400391e+00 2.482520341873168945e-01 1.896650642156600952e-01 -1.505632042884826660e+00 1.230310350656509399e-01 2.478179782629013062e-01
6.122912764549255371e-01 -1.390274167060852051e+00 1.305930614471435547e-01 2.495099604129791260e-01 -1.233328104019165039e+00 7.360287010669708252e-02 3.456032276153564453e-01
1.044943690299987793e+00 -1.474956512451171875e+00 2.616603970527648926e-01 2.995419502258300781e-01 -1.010934352874755859e+00 9.814697504043579102e-02 3.471370339393615723e-01
1.190644025802612305e+00 -2.355445384979248047e+00 1.339870393276214600e-01 3.338241279125213623e-01 -1.500441193580627441e+00 6.554064154624938965e-02 2.946411669254302979e-01
3.214768366888165474e-03 -2.045748233795166016e+00 2.734205424785614014e-01 3.239712715148925781e-01 -1.137546777725219727e+00 1.360967010259628296e-01 3.947722017765045166e-01
1.329628229141235352e+00 -1.323644399642944336e+00 1.402490139007568359e-01 1.552685350179672241e-01 -9.721277952194213867e-01 8.820965886116027832e-02 3.759179115295410156e-01
1.174783825874328613e+00 -2.451816558837890625e+00 1.975317895412445068e-01 2.097214162349700928e-01 -1.172287225723266602e+00 9.087552130222320557e-02 2.246587127447128296e-01
1.058016061782836914e+00 -1.743426084518432617e+00 1.692516505718231201e-01 2.120304852724075317e-01 -1.104011058807373047e+00 9.873048961162567139e-02 3.595465421676635742e-01
1.115213394165039062e+00 -2.343506336212158203e+00 1.317827403545379639e-01 1.542271971702575684e-01 -1.656167030334472656e+00 7.081877440214157104e-02 3.665728867053985596e-01
1.402703762054443359e+00 -2.738374948501586914e+00 1.992518305778503418e-01 1.873933672904968262e-01 -1.887933969497680664e+00 7.259902358055114746e-02 2.966740131378173828e-01
1.036583781242370605e+00 -1.446601748466491699e+00 2.080540955066680908e-01 2.868228554725646973e-01 -1.296063780784606934e+00 1.275561004877090454e-01 2.530706524848937988e-01
7.244469523429870605e-01 -1.414270639419555664e+00 2.797797024250030518e-01 1.624374687671661377e-01 -1.751705884933471680e+00 6.390529125928878784e-02 3.007286190986633301e-01
1.053829431533813477e+00 -2.509195566177368164e+00 2.660922706127166748e-01 2.122632265090942383e-01 -1.200726509094238281e+00 8.935464918613433838e-02 3.543846011161804199e-01
6.672256588935852051e-01 -2.716211080551147461e+00 2.519367933273315430e-01 3.144873380661010742e-01 -1.764599800109863281e+00 8.514981716871261597e-02 3.875518143177032471e-01
8.126427978277206421e-02 -2.450234889984130859e+00 2.684751451015472412e-01 1.514641642570495605e-01 -1.340244293212890625e+00 1.348695009946823120e-01 2.989083826541900635e-01
5.367850661277770996e-01 -2.775365829467773438e+00 2.275196611881256104e-01 1.748412847518920898e-01 -1.295175313949584961e+00 1.383863538503646851e-01 3.132805228233337402e-01
1.094383001327514648e+00 -2.351999282836914062e+00 2.573084533214569092e-01 2.260432839393615723e-01 -1.698733091354370117e+00 1.371463239192962646e-01 3.060806393623352051e-01
1.386243939399719238e+00 -1.682623267173767090e+00 1.824272125959396362e-01 2.089990675449371338e-01 -1.470105886459350586e+00 5.146439000964164734e-02 2.896404862403869629e-01
7.641132473945617676e-01 -1.581566095352172852e+00 2.773905992507934570e-01 3.416155278682708740e-01 -1.853442430496215820e+00 1.007056534290313721e-01 3.374882340431213379e-01
1.134340763092041016e+00 -2.071176528930664062e+00 2.082574218511581421e-01 3.484737277030944824e-01 -1.623861312866210938e+00 5.639027431607246399e-02 2.441739439964294434e-01
