6.183706521987915039e-01 5.975279808044433594e-01 4.858333468437194824e-01 3.218253254890441895e-01 4.019320011138916016e-01 3.506866693496704102e-01 7.447493076324462891e-01
6.117173433303833008e-01 5.070693492889404297e-01 4.828599989414215088e-01 3.928000032901763916e-01 5.422133207321166992e-01 4.865426719188690186e-01 4.556959867477416992e-01
8.522106409072875977e-01 6.184160113334655762e-01 1.293946653604507446e-01 9.472493529319763184e-01 3.128533363342285156e-01 3.128679990768432617e-01 4.435546696186065674e-01
1.032493337988853455e-01 2.461186647415161133e-01 5.491733551025390625e-01 5.512253046035766602e-01 6.862679719924926758e-01 5.006746649742126465e-01 5.212626457214355469e-01
4.155773222446441650e-01 4.221466779708862305e-01 3.333239853382110596e-01 3.674346804618835449e-01 5.543426871299743652e-01 7.039373517036437988e-01 4.282733201980590820e-01
5.625266432762145996e-01 2.877466678619384766e-01 6.869440078735351562e-01 4.713400006294250488e-01 2.943173348903656006e-01 4.228946566581726074e-01 4.288319945335388184e-01
6.578093171119689941e-01 8.125720024108886719e-01 3.819586634635925293e-01 4.302479922771453857e-01 6.156413555145263672e-01 6.725013256072998047e-01 6.586840152740478516e-01
2.647453248500823975e-01 8.240733146667480469e-01 8.247186541557312012e-01 5.165879726409912109e-01 2.071786671876907349e-01 3.841359913349151611e-01 4.110600054264068604e-01
5.818079710006713867e-01 3.525306582450866699e-01 3.755800127983093262e-01 5.033000111579895020e-01 6.673786640167236328e-01 5.561706423759460449e-01 3.455026745796203613e-01
3.757013380527496338e-01 6.230706572532653809e-01 6.131746768951416016e-01 8.347240090370178223e-01 8.258400112390518188e-02 1.760240048170089722e-01 2.062906622886657715e-01
5.711373090744018555e-01 4.596880078315734863e-01 3.997546732425689697e-01 5.693933367729187012e-01 5.705386400222778320e-01 5.889706611633300781e-01 7.390720248222351074e-01
8.566573262214660645e-01 6.151986718177795410e-01 6.591159701347351074e-01 2.188040018081665039e-01 5.853840112686157227e-01 2.558293342590332031e-01 4.712466597557067871e-01
7.924119830131530762e-01 6.802439689636230469e-01 8.784653544425964355e-01 8.920066356658935547e-01 4.459066689014434814e-01 3.644559979438781738e-01 6.374213099479675293e-01
3.652960062026977539e-01 5.154680013656616211e-01 4.880039989948272705e-01 4.727586507797241211e-01 4.159733355045318604e-01 6.723706722259521484e-01 5.062066912651062012e-01
6.711626648902893066e-01 5.819439888000488281e-01 3.820573389530181885e-01 4.675186574459075928e-01 3.122293353080749512e-01 9.037733078002929688e-02 7.532799839973449707e-01
9.421493411064147949e-01 8.535693287849426270e-01 8.107133507728576660e-01 9.027306437492370605e-01 4.573799967765808105e-01 5.388813614845275879e-01 4.048053324222564697e-01
6.421906948089599609e-01 4.385133385658264160e-01 2.883853316307067871e-01 7.438679933547973633e-01 5.166026949882507324e-01 5.158973336219787598e-01 7.710093259811401367e-01
2.617826759815216064e-01 1.532013267278671265e-01 5.349826812744140625e-01 4.813160002231597900e-01 2.445279955863952637e-01 3.263986706733703613e-01 2.403800040483474731e-01
1.055120006203651428e-01 4.114333391189575195e-01 3.927426636219024658e-01 8.362079858779907227e-01 8.781493306159973145e-01 3.507159948348999023e-01 3.686666488647460938e-02
7.034959793090820312e-01 5.429413318634033203e-01 3.875693380832672119e-01 6.237800121307373047e-01 5.994240045547485352e-01 5.970266461372375488e-01 8.079013228416442871e-01
5.509773492813110352e-01 5.203493237495422363e-01 6.888173222541809082e-01 5.475493073463439941e-01 4.979706704616546631e-01 5.511933565139770508e-01 6.105826497077941895e-01
5.531359910964965820e-01 3.764786720275878906e-01 8.158199787139892578e-01 3.174213469028472900e-01 2.964053452014923096e-01 9.841199964284896851e-02 6.311320066452026367e-01
5.742453336715698242e-01 4.586573243141174316e-01 9.222186803817749023e-01 5.324640274047851562e-01 8.196253180503845215e-01 1.922373324632644653e-01 7.444733381271362305e-01
7.275040149688720703e-01 7.478573322296142578e-01 3.986293375492095947e-01 6.423893570899963379e-01 5.311893224716186523e-01 8.637373447418212891e-01 4.038159847259521484e-01
6.266733407974243164e-01 5.187200009822845459e-02 5.916479825973510742e-01 3.099106550216674805e-01 1.774960011243820190e-01 5.595813393592834473e-01 8.733466863632202148e-01
3.728786706924438477e-01 7.596493363380432129e-01 5.153026580810546875e-01 4.877346754074096680e-01 2.883973419666290283e-01 4.472733438014984131e-01 5.762799978256225586e-01
5.078226923942565918e-01 4.976933300495147705e-01 5.424346923828125000e-01 5.936279892921447754e-01 4.686426520347595215e-01 7.166906595230102539e-01 3.300879895687103271e-01
5.640826821327209473e-01 6.269440054893493652e-01 9.748213291168212891e-01 6.677826642990112305e-01 4.335053265094757080e-01 2.657866775989532471e-01 4.652626514434814453e-01
2.490613311529159546e-01 4.127799868583679199e-01 1.025786697864532471e-01 5.484613180160522461e-01 2.077533304691314697e-01 4.166640043258666992e-01 3.612186610698699951e-01
6.640319824218750000e-01 5.838573575019836426e-01 6.598253250122070312e-01 6.322226524353027344e-01 7.137826681137084961e-01 6.045746803283691406e-01 3.313120007514953613e-01
3.619173467159271240e-01 2.566759884357452393e-01 3.635559976100921631e-01 5.015959739685058594e-01 2.028760015964508057e-01 3.054773211479187012e-01 3.847666680812835693e-01
7.684080004692077637e-01 3.359973430633544922e-01 2.178013324737548828e-01 8.388653397560119629e-01 5.231493115425109863e-01 4.419093430042266846e-01 9.575333446264266968e-02
4.149920046329498291e-01 1.862799972295761108e-01 4.772946536540985107e-01 6.120653152465820312e-01 2.002879977226257324e-01 7.029826641082763672e-01 5.281706452369689941e-01
5.550119876861572266e-01 7.901520133018493652e-01 2.559866607189178467e-01 1.541746705770492554e-01 2.654533386230468750e-01 4.970186650753021240e-01 1.688199937343597412e-01
6.087800264358520508e-01 3.772973418235778809e-01 6.176253557205200195e-01 5.082973241806030273e-01 6.704480051994323730e-01 3.369306623935699463e-01 5.406039953231811523e-01
7.105906605720520020e-01 6.670706868171691895e-01 4.975093305110931396e-01 6.228200197219848633e-01 2.154453396797180176e-01 6.348000168800354004e-01 1.543533354997634888e-01
7.387840151786804199e-01 1.971573382616043091e-01 6.576826572418212891e-01 4.636026620864868164e-01 7.164533138275146484e-01 6.723120212554931641e-01 4.896520078182220459e-01
2.903920114040374756e-01 8.369973301887512207e-01 2.329746633768081665e-01 2.074760049581527710e-01 7.664319872856140137e-01 6.169239878654479980e-01 2.811506688594818115e-01
9.929773211479187012e-01 7.709453105926513672e-01 3.122119903564453125e-01 5.640653371810913086e-01 2.585253417491912842e-01 3.341426551342010498e-01 3.622293472290039062e-01
5.142719745635986328e-01 4.090920090675354004e-01 7.892493605613708496e-01 4.145439863204956055e-01 5.773773193359375000e-01 4.361920058727264404e-01 5.206453204154968262e-01
5.873613357543945312e-01 3.880253434181213379e-01 3.663853406906127930e-01 4.468706548213958740e-01 4.423133432865142822e-01 4.941653311252593994e-01 4.694186747074127197e-01
6.235439777374267578e-01 5.887439846992492676e-01 3.360919952392578125e-01 2.196120023727416992e-01 8.716133236885070801e-01 3.679613471031188965e-01 6.300186514854431152e-01
1.912253350019454956e-01 3.591359853744506836e-01 5.554186701774597168e-01 3.030866682529449463e-01 2.018679976463317871e-01 2.868146598339080811e-01 4.606119990348815918e-01
5.648360252380371094e-01 6.891826391220092773e-01 4.824880063533782959e-01 3.200159966945648193e-01 5.365813374519348145e-01 3.358653187751770020e-01 7.134626507759094238e-01
6.108279824256896973e-01 3.420973420143127441e-01 4.943520128726959229e-01 4.815746545791625977e-01 5.101013183593750000e-01 2.588573396205902100e-01 7.619826793670654297e-01
8.025159835815429688e-01 5.552439689636230469e-01 3.131839931011199951e-01 7.615119814872741699e-01 4.910386800765991211e-01 6.944040060043334961e-01 7.524093389511108398e-01
5.769159793853759766e-01 3.950839936733245850e-01 4.919013381004333496e-01 6.121893525123596191e-01 8.791413307189941406e-01 7.370013594627380371e-01 7.730879783630371094e-01
5.119746923446655273e-01 6.455280184745788574e-01 4.252013266086578369e-01 6.839919686317443848e-01 5.470333099365234375e-01 8.731600046157836914e-01 1.411786675453186035e-01
3.154626786708831787e-01 5.895066857337951660e-01 6.972759962081909180e-01 2.856546640396118164e-01 1.956066638231277466e-01 3.328866660594940186e-01 3.824186623096466064e-01
6.935293078422546387e-01 7.261053323745727539e-01 5.645279884338378906e-01 5.383373498916625977e-01 2.617386579513549805e-01 4.416573345661163330e-01 4.165093302726745605e-01
4.290319979190826416e-01 4.788853228092193604e-01 5.180640220642089844e-01 3.387173414230346680e-01 5.709293484687805176e-01 4.955439865589141846e-01 5.582613348960876465e-01
6.400719881057739258e-01 3.602266609668731689e-01 9.783039689064025879e-01 5.573999881744384766e-01 6.082613468170166016e-01 5.599799752235412598e-01 2.736999988555908203e-01
6.306306719779968262e-01 4.798133373260498047e-01 5.423240065574645996e-01 5.702973604202270508e-01 2.457946687936782837e-01 7.551533579826354980e-01 2.296173274517059326e-01
5.251973271369934082e-01 8.744293451309204102e-01 4.109786748886108398e-01 4.298106729984283447e-01 6.870440244674682617e-01 7.379773259162902832e-01 4.336666762828826904e-01
7.350493073463439941e-01 5.917266607284545898e-01 2.642746567726135254e-01 7.271933555603027344e-01 4.819586575031280518e-01 3.857559859752655029e-01 4.325026571750640869e-01
2.345893383026123047e-01 3.678439855575561523e-01 4.289479851722717285e-01 4.028759896755218506e-01 4.242866635322570801e-01 4.807853400707244873e-01 5.609013438224792480e-01
6.090253591537475586e-01 6.614213585853576660e-01 6.631519794464111328e-01 3.986079990863800049e-01 2.611613273620605469e-01 7.190813422203063965e-01 2.283826619386672974e-01
3.243066668510437012e-01 6.724626421928405762e-01 3.891080021858215332e-01 4.873040020465850830e-01 6.565639972686767578e-01 1.428799927234649658e-01 8.469653129577636719e-01
5.812399983406066895e-01 7.060986757278442383e-01 6.442000269889831543e-01 3.511333465576171875e-01 4.160999953746795654e-01 3.913106620311737061e-01 4.040773212909698486e-01
2.186226695775985718e-01 6.618226766586303711e-01 9.050986766815185547e-01 2.650960087776184082e-01 4.332279860973358154e-01 8.295480012893676758e-01 4.343533217906951904e-01
4.414719939231872559e-01 2.305186688899993896e-01 2.248879969120025635e-01 7.497813105583190918e-01 6.770266890525817871e-01 5.741333216428756714e-02 8.981586694717407227e-01
2.368599921464920044e-01 5.534679889678955078e-01 3.411119878292083740e-01 3.659560084342956543e-01 4.129506647586822510e-01 5.820226669311523438e-01 6.601733565330505371e-01
4.533919990062713623e-01 4.014386534690856934e-01 2.340040057897567749e-01 2.393866628408432007e-01 4.383866786956787109e-01 5.017359852790832520e-01 3.022400140762329102e-01
4.552133381366729736e-01 4.675893187522888184e-01 4.216826558113098145e-01 5.977346897125244141e-01 4.564746618270874023e-01 6.946160197257995605e-01 3.889000117778778076e-01
8.975946903228759766e-01 1.049479991197586060e-01 4.621893465518951416e-01 7.687053084373474121e-01 6.371480226516723633e-01 8.236920237541198730e-01 4.895813465118408203e-01
6.776573061943054199e-01 1.819826662540435791e-01 2.367506623268127441e-01 6.782493591308593750e-01 6.371106505393981934e-01 1.423106640577316284e-01 2.785253226757049561e-01
7.884493470191955566e-01 8.401119709014892578e-01 2.043826729059219360e-01 3.447986543178558350e-01 9.481733292341232300e-02 3.208106756210327148e-01 3.437466546893119812e-02
4.233986735343933105e-01 4.707759916782379150e-01 9.422333240509033203e-01 4.393946528434753418e-01 6.508000195026397705e-03 5.286400020122528076e-02 4.129333421587944031e-03
7.616813182830810547e-01 6.486160159111022949e-01 6.932759881019592285e-01 9.069359898567199707e-01 1.867759972810745239e-01 2.188893258571624756e-01 3.610799908638000488e-01
8.058959841728210449e-01 7.673760056495666504e-01 3.207533359527587891e-01 3.469133377075195312e-01 5.645319819450378418e-01 4.120893180370330811e-01 6.016640067100524902e-01
7.358679771423339844e-01 6.273639798164367676e-01 5.440973043441772461e-01 2.300813347101211548e-01 4.952226579189300537e-01 4.537439942359924316e-01 4.152426719665527344e-01
3.848066627979278564e-01 5.505826473236083984e-01 3.882626593112945557e-01 2.094800025224685669e-01 5.579479932785034180e-01 6.501866579055786133e-01 2.629226744174957275e-01
1.643746644258499146e-01 3.752333223819732666e-01 7.732546925544738770e-01 1.948826611042022705e-01 4.441599845886230469e-01 5.922506451606750488e-01 7.422320246696472168e-01
1.975959986448287964e-01 9.583920240402221680e-01 6.994146704673767090e-01 7.443693280220031738e-01 2.493733316659927368e-01 8.573746681213378906e-01 3.259733319282531738e-02
4.670773446559906006e-01 3.428879976272583008e-01 6.307119727134704590e-01 3.562946617603302002e-01 4.786693453788757324e-01 4.875360131263732910e-01 5.351026654243469238e-01
7.635319828987121582e-01 4.952746629714965820e-01 8.657266497611999512e-01 6.035040020942687988e-01 4.828360080718994141e-01 2.208826690912246704e-01 5.955039858818054199e-01
2.924533188343048096e-01 5.891439914703369141e-01 3.629906773567199707e-01 5.194426774978637695e-01 6.857759952545166016e-01 5.314880013465881348e-01 4.163079857826232910e-01
5.965480208396911621e-01 7.721160054206848145e-01 4.360879957675933838e-01 4.425173401832580566e-01 1.437786668539047241e-01 9.730266779661178589e-02 1.757893264293670654e-01
2.452840059995651245e-01 6.995959877967834473e-01 4.965879917144775391e-01 1.458333283662796021e-01 5.698279738426208496e-01 9.244973063468933105e-01 4.336506724357604980e-01
7.672866582870483398e-01 4.720200002193450928e-01 7.637573480606079102e-01 4.313573241233825684e-01 5.660960078239440918e-01 5.268160104751586914e-01 4.018546640872955322e-01
1.433693319559097290e-01 4.339413344860076904e-01 5.689226388931274414e-01 5.131626725196838379e-01 2.063493281602859497e-01 6.362586617469787598e-01 5.371733307838439941e-01
6.848853230476379395e-01 6.324173212051391602e-01 3.331786692142486572e-01 3.744013309478759766e-01 2.504813373088836670e-01 6.492999792098999023e-01 6.651466488838195801e-01
1.721186637878417969e-01 5.197026729583740234e-01 2.689920067787170410e-01 2.864973247051239014e-01 3.147079944610595703e-01 2.443840056657791138e-01 8.662186861038208008e-01
4.590613245964050293e-01 5.944813489913940430e-01 7.821586728096008301e-01 2.457466721534729004e-01 5.457280278205871582e-01 6.624106764793395996e-01 1.975159943103790283e-01
7.526773214340209961e-01 3.907000124454498291e-01 7.100853323936462402e-01 6.652280092239379883e-01 7.197586894035339355e-01 5.028426647186279297e-01 5.402853488922119141e-01
5.129093527793884277e-01 4.173719882965087891e-01 4.912079870700836182e-01 5.058400034904479980e-01 4.855733215808868408e-01 4.918533265590667725e-01 3.627706766128540039e-01
6.081173419952392578e-01 4.876280128955841064e-01 5.551373362541198730e-01 6.103613376617431641e-01 3.901706635951995850e-01 2.573093473911285400e-01 5.919880270957946777e-01
7.892479896545410156e-01 6.811533570289611816e-01 1.824840009212493896e-01 7.676093578338623047e-01 3.280333280563354492e-01 8.369626402854919434e-01 2.636640071868896484e-01
7.352693080902099609e-01 7.626866698265075684e-01 4.392333328723907471e-01 3.722653388977050781e-01 4.562133252620697021e-01 2.216066718101501465e-01 4.298013448715209961e-01
6.672359704971313477e-01 5.202026367187500000e-01 4.249706566333770752e-01 3.637533187866210938e-01 3.334519863128662109e-01 3.736453354358673096e-01 4.144946634769439697e-01
3.598560094833374023e-01 5.591413378715515137e-01 9.328640103340148926e-01 2.839533388614654541e-01 2.205333262681961060e-01 4.737613201141357422e-01 2.303106635808944702e-01
4.044773280620574951e-01 6.451106667518615723e-01 7.118639945983886719e-01 3.541960120201110840e-01 4.121679961681365967e-01 4.196533262729644775e-01 4.010039865970611572e-01
7.455160021781921387e-01 4.653146564960479736e-01 4.210053384304046631e-01 4.895080029964447021e-01 6.621026396751403809e-01 6.271973252296447754e-01 4.714706540107727051e-01
5.015853047370910645e-01 2.357546687126159668e-01 4.585160017013549805e-01 3.217119872570037842e-01 4.901333451271057129e-01 1.940360069274902344e-01 4.893413186073303223e-01
4.199599847197532654e-02 1.197613328695297241e-01 1.395773291587829590e-01 4.731826782226562500e-01 6.178119778633117676e-01 1.735786646604537964e-01 7.731999754905700684e-01
2.097426652908325195e-01 4.683093428611755371e-01 3.250053226947784424e-01 1.936226636171340942e-01 2.325373291969299316e-01 2.643333375453948975e-01 2.760480046272277832e-01
6.945906877517700195e-01 6.599119901657104492e-01 6.150400042533874512e-01 5.628439784049987793e-01 5.314453244209289551e-01 7.042520046234130859e-01 4.179146587848663330e-01
2.893093228340148926e-01 9.461439847946166992e-01 9.946066737174987793e-01 7.247840166091918945e-01 5.272160172462463379e-01 7.199413180351257324e-01 5.241213440895080566e-01
5.490199923515319824e-01 5.957946777343750000e-01 7.272333502769470215e-01 5.303133130073547363e-01 4.882786571979522705e-01 5.436440110206604004e-01 4.088706672191619873e-01
3.129146695137023926e-01 4.318506717681884766e-01 7.028626799583435059e-01 6.384213566780090332e-01 1.993066668510437012e-01 6.093533039093017578e-01 1.216226667165756226e-01
5.266146659851074219e-01 7.486293315887451172e-01 1.865053325891494751e-01 5.703973174095153809e-01 5.095440149307250977e-01 5.593053102493286133e-01 7.126799821853637695e-01
1.018466651439666748e-01 6.530613303184509277e-01 6.539613604545593262e-01 9.183040261268615723e-01 5.513333082199096680e-01 7.604586482048034668e-01 8.127653598785400391e-01
7.297413349151611328e-01 7.587013244628906250e-01 5.265373587608337402e-01 7.735173106193542480e-01 5.847893357276916504e-01 5.925826430320739746e-01 5.780986547470092773e-01
4.595493376255035400e-01 4.620360136032104492e-01 4.307666718959808350e-01 6.766466498374938965e-01 2.614693343639373779e-01 3.719693422317504883e-01 3.972159922122955322e-01
3.231346607208251953e-01 5.674679875373840332e-01 4.162613451480865479e-01 5.720213055610656738e-01 8.925026655197143555e-01 7.534933090209960938e-01 8.876946568489074707e-01
2.975626587867736816e-01 6.084746718406677246e-01 5.085600018501281738e-01 4.840359985828399658e-01 4.161280095577239990e-01 3.982706665992736816e-01 3.744559884071350098e-01
7.127906680107116699e-01 2.721106708049774170e-01 1.050613299012184143e-01 8.303160071372985840e-01 4.366586804389953613e-01 3.993239998817443848e-01 4.190399944782257080e-01
5.719346404075622559e-01 6.366453170776367188e-01 4.774079918861389160e-01 5.356066823005676270e-01 4.584400057792663574e-01 6.678680181503295898e-01 5.161746740341186523e-01
3.336813449859619141e-01 7.820799946784973145e-02 9.858853220939636230e-01 1.281466633081436157e-01 3.831053376197814941e-01 6.272186636924743652e-01 2.754653394222259521e-01
5.485200136899948120e-02 7.462986707687377930e-01 3.124933317303657532e-02 9.925693273544311523e-01 0.000000000000000000e+00 3.095013201236724854e-01 3.131066635251045227e-02
9.659853577613830566e-01 7.112253308296203613e-01 7.554600238800048828e-01 8.583160042762756348e-01 4.125946760177612305e-01 3.461413383483886719e-01 7.658773064613342285e-01
7.770106792449951172e-01 6.465453505516052246e-01 3.644866645336151123e-01 2.395319938659667969e-01 7.795720100402832031e-01 6.314706802368164062e-01 1.472319960594177246e-01
1.433253288269042969e-01 2.325146645307540894e-01 9.368253350257873535e-01 2.924599945545196533e-01 6.240199804306030273e-01 5.870839953422546387e-01 2.410866618156433105e-01
3.036080002784729004e-01 4.535493254661560059e-01 4.125293195247650146e-01 2.170680016279220581e-01 6.663960218429565430e-01 5.349346399307250977e-01 2.372986674308776855e-01
3.333426713943481445e-01 3.375160098075866699e-01 4.355640113353729248e-01 2.939999997615814209e-01 3.428453207015991211e-01 3.396533429622650146e-02 4.697973430156707764e-01
5.587773323059082031e-01 6.990693211555480957e-01 3.543506562709808350e-01 7.384946942329406738e-01 3.926373422145843506e-01 5.033413171768188477e-01 3.253973424434661865e-01
1.073586642742156982e-01 8.263000249862670898e-01 6.586826443672180176e-01 4.922679960727691650e-01 3.318333327770233154e-01 8.196946382522583008e-01 2.423906624317169189e-01
5.320506691932678223e-01 4.053199887275695801e-01 4.902573227882385254e-01 4.010879993438720703e-01 5.342199802398681641e-01 5.473346710205078125e-01 3.703173398971557617e-01
7.055599689483642578e-01 3.691160082817077637e-01 4.893866777420043945e-01 7.728453278541564941e-01 7.803800106048583984e-01 6.949706673622131348e-01 6.316213607788085938e-01
5.454266667366027832e-01 1.840813308954238892e-01 3.297506570816040039e-01 4.520613253116607666e-01 6.307293176651000977e-01 2.921066582202911377e-01 6.368186473846435547e-01
6.702346801757812500e-01 4.608946740627288818e-01 5.011973381042480469e-01 4.479880034923553467e-01 3.411760032176971436e-01 4.685693383216857910e-01 4.166960120201110840e-01
1.548799965530633926e-02 4.421826601028442383e-01 5.697346925735473633e-01 2.748253345489501953e-01 1.437453329563140869e-01 8.482999801635742188e-01 3.033066689968109131e-01
5.071999877691268921e-02 6.481440067291259766e-01 1.315840035676956177e-01 7.302359938621520996e-01 3.442226648330688477e-01 5.192253589630126953e-01 2.897933423519134521e-01
7.232853174209594727e-01 6.893453598022460938e-01 7.056999802589416504e-01 7.099360227584838867e-01 3.274693191051483154e-01 4.903239905834197998e-01 7.541120052337646484e-01
3.677373230457305908e-01 3.120093345642089844e-01 7.728746533393859863e-01 2.870373427867889404e-01 2.207706719636917114e-01 3.423466682434082031e-01 3.817360103130340576e-01
5.220533609390258789e-01 4.553093314170837402e-01 4.952813386917114258e-01 4.708986580371856689e-01 7.130666375160217285e-01 5.015879869461059570e-01 5.158346891403198242e-01
5.148893594741821289e-01 4.396386742591857910e-01 2.389959990978240967e-01 2.207373380661010742e-01 5.550306439399719238e-01 5.640626549720764160e-01 5.999426841735839844e-01
6.854919791221618652e-01 6.443773508071899414e-01 5.095093250274658203e-01 4.966133236885070801e-01 2.365826666355133057e-01 5.670346617698669434e-01 1.919773370027542114e-01
2.368106693029403687e-01 7.642293572425842285e-01 4.360306560993194580e-01 1.396933346986770630e-01 5.257840156555175781e-01 1.694453358650207520e-01 9.150573015213012695e-01
4.794106781482696533e-01 2.669786512851715088e-01 5.528066754341125488e-01 8.421440124511718750e-01 7.794719934463500977e-01 6.466026902198791504e-01 7.393360137939453125e-01
1.665720045566558838e-01 9.198399633169174194e-02 7.160919904708862305e-01 2.689466625452041626e-02 4.833293259143829346e-01 5.200826525688171387e-01 4.829599857330322266e-01
2.993146777153015137e-01 4.544999897480010986e-01 8.348346352577209473e-01 6.892506480216979980e-01 6.159706711769104004e-01 8.889026641845703125e-01 4.209546744823455811e-01
6.657919883728027344e-01 3.016773462295532227e-01 7.100306749343872070e-01 8.165879845619201660e-01 5.639960169792175293e-01 3.285880088806152344e-01 4.783706665039062500e-01
6.421679854393005371e-01 5.791866779327392578e-01 6.997653245925903320e-01 5.692960023880004883e-01 6.569786667823791504e-01 3.081026673316955566e-01 4.750146567821502686e-01
4.375506639480590820e-01 6.026960015296936035e-01 3.539600074291229248e-01 8.884746432304382324e-01 4.262333214282989502e-01 4.006773233413696289e-01 3.088613450527191162e-01
6.455466747283935547e-01 5.875066518783569336e-01 7.236559987068176270e-01 6.385666728019714355e-01 4.899280071258544922e-01 3.190853297710418701e-01 6.576506495475769043e-01
6.419653296470642090e-01 6.099159717559814453e-01 3.022319972515106201e-01 6.144866943359375000e-01 4.656693339347839355e-01 5.262533426284790039e-01 5.110480189323425293e-01
7.110239863395690918e-01 4.108999967575073242e-01 4.998573362827301025e-01 6.092919707298278809e-01 7.217186689376831055e-01 4.903306663036346436e-01 4.994240105152130127e-01
4.178933203220367432e-01 3.697053194046020508e-01 4.892973303794860840e-01 4.716813266277313232e-01 2.899453341960906982e-01 4.378159940242767334e-01 1.046013310551643372e-01
7.309920191764831543e-01 4.815799891948699951e-01 6.127746701240539551e-01 4.413826763629913330e-01 2.457959949970245361e-01 5.470346808433532715e-01 5.409119725227355957e-01
3.776080012321472168e-01 3.822826743125915527e-01 7.546226382255554199e-01 3.205613195896148682e-01 4.310653209686279297e-01 4.830653369426727295e-01 6.228160262107849121e-01
7.453893423080444336e-01 8.276333212852478027e-01 5.629773139953613281e-01 8.251546621322631836e-01 7.499253153800964355e-01 8.274813294410705566e-01 7.658346891403198242e-01
4.430199861526489258e-01 3.124746680259704590e-01 4.071026742458343506e-01 5.429693460464477539e-01 5.102400183677673340e-01 1.913386732339859009e-01 7.072493433952331543e-01
5.134893059730529785e-01 5.450946688652038574e-01 5.889813303947448730e-01 5.388226509094238281e-01 7.859453558921813965e-01 5.478853583335876465e-01 4.201746582984924316e-01
4.535333216190338135e-01 1.198666691780090332e-01 9.006826877593994141e-01 3.066946566104888916e-01 6.316626667976379395e-01 1.221306696534156799e-01 3.775866627693176270e-01
7.978333234786987305e-01 4.804213345050811768e-01 3.368013203144073486e-01 3.182413280010223389e-01 7.653373479843139648e-01 9.560906887054443359e-01 6.986226439476013184e-01
7.246080040931701660e-01 5.014359951019287109e-01 1.604440063238143921e-01 6.619520187377929688e-01 4.198173284530639648e-01 1.916120052337646484e-01 9.137466549873352051e-02
5.738426446914672852e-01 5.765293240547180176e-01 7.166266441345214844e-01 5.502453446388244629e-01 6.922813057899475098e-01 6.617226600646972656e-01 6.123426556587219238e-01
4.317226707935333252e-01 2.073253393173217773e-01 2.679840028285980225e-01 2.551159858703613281e-01 4.760253429412841797e-01 4.462186694145202637e-01 2.581160068511962891e-01
7.886253595352172852e-01 4.712973237037658691e-01 5.920240283012390137e-01 4.225626587867736816e-01 8.239933252334594727e-01 5.475040078163146973e-01 7.014346718788146973e-01
6.015626788139343262e-01 4.151693284511566162e-01 1.594773381948471069e-01 6.467760205268859863e-01 7.298453450202941895e-01 7.187079787254333496e-01 4.961933195590972900e-01
8.737333416938781738e-01 1.997733265161514282e-01 6.012333035469055176e-01 4.122613370418548584e-01 5.202986598014831543e-01 2.097346633672714233e-01 1.967493295669555664e-01
6.340879797935485840e-01 7.998986840248107910e-01 7.399839758872985840e-01 7.256680130958557129e-01 5.474666357040405273e-01 1.614053398370742798e-01 5.686146616935729980e-01
2.067133337259292603e-01 6.987760066986083984e-01 3.912866711616516113e-01 3.566053211688995361e-01 1.651999950408935547e-01 3.326666653156280518e-01 6.294333338737487793e-01
4.268693327903747559e-01 7.785733342170715332e-01 8.229173421859741211e-01 3.739813268184661865e-01 9.096000194549560547e-01 7.342533469200134277e-01 1.520133297890424728e-02
4.759266674518585205e-01 8.800773024559020996e-01 7.485839724540710449e-01 8.270426392555236816e-01 2.230973392724990845e-01 3.103706538677215576e-01 1.473066676408052444e-02
8.487453460693359375e-01 5.650293231010437012e-01 7.060466408729553223e-01 7.256079912185668945e-01 4.217413365840911865e-01 6.415946483612060547e-01 3.574546575546264648e-01
7.762173414230346680e-01 2.536866664886474609e-01 5.864199995994567871e-01 7.320653200149536133e-01 8.043079972267150879e-01 4.057866632938385010e-01 1.586306691169738770e-01
6.497359871864318848e-01 6.639919877052307129e-01 3.779279887676239014e-01 4.470599889755249023e-01 7.330600023269653320e-01 3.275653421878814697e-01 4.462613463401794434e-01
2.126013338565826416e-01 4.617159962654113770e-01 4.811386764049530029e-01 3.451786637306213379e-01 4.184359908103942871e-01 9.283866733312606812e-02 1.387626677751541138e-01
3.928346633911132812e-01 5.168693065643310547e-01 6.286893486976623535e-01 7.315226793289184570e-01 1.420280039310455322e-01 5.283933281898498535e-01 4.786599874496459961e-01
7.362653017044067383e-01 1.025319993495941162e-01 2.529653310775756836e-01 6.113906502723693848e-01 4.337199926376342773e-01 1.892253309488296509e-01 4.567613303661346436e-01
7.694933414459228516e-01 8.310440182685852051e-01 3.317880034446716309e-01 7.851373553276062012e-01 5.202266573905944824e-01 8.565293550491333008e-01 9.072133302688598633e-01
7.656586766242980957e-01 2.390560060739517212e-01 7.155439853668212891e-01 8.053906559944152832e-01 7.766039967536926270e-01 4.257613420486450195e-01 7.948373556137084961e-01
8.114053606986999512e-01 4.251239895820617676e-01 5.609666705131530762e-01 2.933399975299835205e-01 6.125653386116027832e-01 5.452439785003662109e-01 7.994013428688049316e-01
4.161346554756164551e-01 8.062666282057762146e-03 2.970946729183197021e-01 2.243186682462692261e-01 6.040146946907043457e-01 2.679986655712127686e-01 6.102693080902099609e-01
7.539826631546020508e-01 3.929466605186462402e-01 8.416720032691955566e-01 5.520600080490112305e-01 5.382093191146850586e-01 4.197893440723419189e-01 4.478933215141296387e-01
8.869959712028503418e-01 7.990986704826354980e-01 4.959279894828796387e-01 9.661693572998046875e-01 9.312400221824645996e-02 4.039826691150665283e-01 4.400559961795806885e-01
8.089213371276855469e-01 7.986293435096740723e-01 6.814893484115600586e-01 2.985546588897705078e-01 5.506039857864379883e-01 6.323440074920654297e-01 6.816146373748779297e-01
7.277013063430786133e-01 2.758146524429321289e-01 6.160466670989990234e-01 2.192813307046890259e-01 4.620586633682250977e-01 6.879133582115173340e-01 7.196173071861267090e-01
3.638186752796173096e-01 6.861426830291748047e-01 9.239199757575988770e-02 3.305999934673309326e-01 5.439906716346740723e-01 8.659200072288513184e-01 6.435026526451110840e-01
7.275106906890869141e-01 3.330160081386566162e-01 4.773986637592315674e-01 8.287506699562072754e-01 5.305200219154357910e-01 2.228546589612960815e-01 5.633453130722045898e-01
7.314680218696594238e-01 1.809733361005783081e-01 7.669866830110549927e-02 2.600106596946716309e-01 5.555066466331481934e-01 1.321440041065216064e-01 1.050266698002815247e-01
2.353666722774505615e-01 5.065613389015197754e-01 1.988426595926284790e-01 2.200626730918884277e-01 5.060306787490844727e-01 6.073533296585083008e-01 4.950986802577972412e-01
5.692999958992004395e-01 5.366413593292236328e-01 2.965613305568695068e-01 4.450466632843017578e-01 4.696133434772491455e-01 8.714039921760559082e-01 5.647959709167480469e-01
9.241226911544799805e-01 9.699680209159851074e-01 9.336013197898864746e-01 8.376479744911193848e-01 9.814773201942443848e-01 1.082133315503597260e-02 9.790626764297485352e-01
5.157106518745422363e-01 6.757026910781860352e-01 2.798453271389007568e-01 7.476559877395629883e-01 7.742773294448852539e-01 6.255853176116943359e-01 2.907653450965881348e-01
3.708493411540985107e-01 8.241559863090515137e-01 5.280906558036804199e-01 7.652386426925659180e-01 1.962186694145202637e-01 6.268519759178161621e-01 3.565933406352996826e-01
3.375999927520751953e-01 8.065373301506042480e-01 5.155519843101501465e-01 5.221586823463439941e-01 3.231973350048065186e-01 5.661039948463439941e-01 2.680706679821014404e-01
4.466306567192077637e-01 1.996040046215057373e-01 2.001333385705947876e-01 1.926813274621963501e-01 8.296959996223449707e-01 3.580546677112579346e-01 7.671186923980712891e-01
4.861973226070404053e-01 4.468773305416107178e-01 3.348839879035949707e-01 5.042306780815124512e-01 3.287226557731628418e-01 2.999399900436401367e-01 4.033626616001129150e-01
5.856119990348815918e-01 5.791093111038208008e-01 2.806346714496612549e-01 6.480053067207336426e-01 4.438773393630981445e-01 3.647333383560180664e-01 6.965519785881042480e-01
6.232720017433166504e-01 5.899279713630676270e-01 6.682720184326171875e-01 6.745386719703674316e-01 7.822533249855041504e-01 8.408640027046203613e-01 8.110026717185974121e-01
9.046679735183715820e-01 3.449293375015258789e-01 5.994586944580078125e-01 7.883719801902770996e-01 7.246693372726440430e-01 4.744879901409149170e-01 4.702173173427581787e-01
2.254133298993110657e-02 3.556906580924987793e-01 4.769786596298217773e-01 3.828706741333007812e-01 3.908880054950714111e-01 5.758853554725646973e-01 4.845879971981048584e-01
1.000000000000000000e+00 6.579573154449462891e-01 2.571093440055847168e-01 5.348800122737884521e-02 9.968986511230468750e-01 1.087626665830612183e-01 6.774359941482543945e-01
7.371573448181152344e-01 4.240533411502838135e-01 2.972120046615600586e-01 7.224573493003845215e-01 4.011253416538238525e-01 3.289000093936920166e-01 8.339679837226867676e-01
4.352706670761108398e-01 6.969400048255920410e-01 7.635840177536010742e-01 6.292253136634826660e-01 5.295373201370239258e-01 1.085840016603469849e-01 6.834639906883239746e-01
3.520079851150512695e-01 7.117080092430114746e-01 4.216546714305877686e-01 3.403013348579406738e-01 5.603466629981994629e-01 4.331400096416473389e-01 3.948839902877807617e-01
6.084053516387939453e-01 8.793973326683044434e-01 5.874266624450683594e-01 7.755866646766662598e-01 6.465706825256347656e-01 3.904640078544616699e-01 8.472239971160888672e-01
4.144026637077331543e-01 5.889813303947448730e-01 1.745440065860748291e-01 4.866719841957092285e-01 3.172813355922698975e-01 2.484840005636215210e-01 5.964893102645874023e-01
5.688826441764831543e-01 3.114880025386810303e-01 9.943373203277587891e-01 4.935919940471649170e-01 6.714040040969848633e-01 3.080599904060363770e-01 7.514493465423583984e-01
3.387333452701568604e-01 3.930293321609497070e-01 6.151919960975646973e-01 2.643693387508392334e-01 7.711466550827026367e-01 5.784653425216674805e-01 7.182466387748718262e-01
3.676039874553680420e-01 3.441746532917022705e-01 2.970359921455383301e-01 5.660866498947143555e-01 3.925146758556365967e-01 2.845106720924377441e-01 3.388173282146453857e-01
8.386266976594924927e-02 2.082546651363372803e-01 7.802693247795104980e-01 7.836133241653442383e-02 6.710533052682876587e-02 6.310439705848693848e-01 7.370013594627380371e-01
4.195466637611389160e-01 2.367359995841979980e-01 1.970786601305007935e-01 2.632200121879577637e-01 5.011519789695739746e-01 5.107253193855285645e-01 5.223199725151062012e-01
4.310986697673797607e-01 7.905626893043518066e-01 5.302853584289550781e-01 3.390546739101409912e-01 5.780973434448242188e-01 6.198253035545349121e-01 4.046800136566162109e-01
1.297560036182403564e-01 3.230240046977996826e-01 5.398706793785095215e-01 1.304813325405120850e-01 4.836919903755187988e-01 1.255573332309722900e-01 3.420733213424682617e-01
8.435373306274414062e-01 5.687066912651062012e-01 9.466706514358520508e-01 7.342173457145690918e-01 3.216440081596374512e-01 6.817920207977294922e-01 6.778240203857421875e-01
8.485546708106994629e-01 8.488293290138244629e-01 1.747386604547500610e-01 9.454399943351745605e-01 3.286640048027038574e-01 3.175293207168579102e-01 2.576773464679718018e-01
