10 1.113201e+02 3.339823e+01 4318.8875426858485 
10 1.095065e+02 3.238131e+01 10399.951846561042 
10 9.826612e+01 2.774904e+01 4065.2521301901334 
10 9.880052e+01 2.809892e+01 2443.5828895536943 
20 1.102214e+02 3.272155e+01 2034.5762893887547 
20 1.128826e+02 3.106813e+01 1253.91065435715 
20 1.198089e+02 3.488757e+01 1202.8766083598916 
40 1.351517e+02 3.605601e+01 1076.200980630701 
40 1.483162e+02 3.491651e+01 1031.8851455304186 
40 1.650986e+02 3.926813e+01 1009.4811355586171 
80 2.043554e+02 4.125015e+01 1014.1403547595289 
80 1.478980e+02 4.201540e+01 1003.4180080245158 
80 1.693959e+02 3.750907e+01 999.7488679911619 
80 2.104242e+02 4.189694e+01 991.7688257502201 
