5.728639960289001465e-01 3.838213384151458740e-01 7.430893182754516602e-01 2.733426690101623535e-01 7.743759751319885254e-01 8.408653140068054199e-01 3.697240054607391357e-01 2.757253348827362061e-01
1.507866661995649338e-02 8.868186473846435547e-01 1.592000015079975128e-03 9.541879892349243164e-01 1.718946695327758789e-01 1.196279972791671753e-01 2.078066617250442505e-01 8.768413066864013672e-01
8.000786900520324707e-01 9.164919853210449219e-01 6.539120078086853027e-01 8.578813076019287109e-01 5.306519865989685059e-01 6.524826884269714355e-01 3.262293338775634766e-01 4.120653271675109863e-01
9.230800271034240723e-01 1.129333302378654480e-01 9.557613134384155273e-01 7.145533561706542969e-01 7.714093327522277832e-01 3.769093453884124756e-01 4.686986505985260010e-01 7.613239884376525879e-01
5.274199843406677246e-01 6.636346578598022461e-01 1.498373299837112427e-01 9.026893377304077148e-01 5.495346784591674805e-01 3.255733251571655273e-01 4.634400010108947754e-01 4.874813258647918701e-01
3.283853232860565186e-01 4.357333481311798096e-02 7.412186861038208008e-01 9.336000308394432068e-03 2.960226535797119141e-01 4.919079840183258057e-01 9.386733174324035645e-01 8.572226762771606445e-01
5.255346894264221191e-01 7.152466773986816406e-01 9.329653382301330566e-01 1.053026691079139709e-01 9.900799989700317383e-01 4.588440060615539551e-01 1.051546633243560791e-01 5.067706704139709473e-01
3.812146782875061035e-01 8.026293516159057617e-01 8.983520269393920898e-01 7.878133654594421387e-02 8.269826769828796387e-01 3.460853397846221924e-01 6.100186705589294434e-01 1.846639961004257202e-01
7.495920062065124512e-01 5.390999913215637207e-01 1.840133406221866608e-02 7.200906872749328613e-01 9.348666667938232422e-01 5.803866386413574219e-01 8.185493350028991699e-01 1.895959973335266113e-01
7.401013374328613281e-01 9.587693214416503906e-01 4.547626674175262451e-01 5.714093446731567383e-01 9.775000214576721191e-01 9.782266616821289062e-01 9.624999761581420898e-01 4.385333508253097534e-02
6.778013110160827637e-01 1.534573286771774292e-01 5.368026494979858398e-01 8.648599982261657715e-01 5.424240231513977051e-01 1.891893297433853149e-01 3.625360131263732910e-01 8.116253018379211426e-01
3.802693188190460205e-01 9.988813400268554688e-01 5.316133499145507812e-01 2.719066664576530457e-02 9.231226444244384766e-01 6.206106543540954590e-01 9.222159981727600098e-01 6.701333448290824890e-03
7.722226381301879883e-01 5.884906649589538574e-01 7.687240242958068848e-01 7.183866500854492188e-01 3.334986567497253418e-01 1.534933298826217651e-01 4.030133187770843506e-01 5.154986381530761719e-01
2.476239949464797974e-01 9.715480208396911621e-01 8.692000061273574829e-03 1.617880016565322876e-01 1.308800000697374344e-02 5.118346810340881348e-01 1.561066694557666779e-02 9.873306751251220703e-01
7.889066934585571289e-01 7.391893267631530762e-01 5.259866714477539062e-01 5.476546883583068848e-01 3.798106610774993896e-01 4.728266596794128418e-01 3.593893349170684814e-01 5.845466852188110352e-01
9.968813061714172363e-01 8.977413177490234375e-01 9.640346765518188477e-01 9.187799692153930664e-01 2.691453397274017334e-01 5.424573421478271484e-01 3.116653263568878174e-01 7.666413187980651855e-01
3.305986523628234863e-01 6.880319714546203613e-01 7.204613089561462402e-01 6.235546469688415527e-01 8.668760061264038086e-01 6.102173328399658203e-01 2.147133350372314453e-01 4.344359934329986572e-01
4.055386781692504883e-01 4.435893297195434570e-01 1.885346621274948120e-01 8.498132973909378052e-02 3.968933224678039551e-01 1.200266629457473755e-01 3.795826733112335205e-01 5.863000154495239258e-01
3.724986612796783447e-01 1.979093402624130249e-01 4.596799910068511963e-01 5.112000107765197754e-01 2.314786612987518311e-01 8.173013329505920410e-01 3.200759887695312500e-01 7.739893198013305664e-01
4.494999945163726807e-01 7.869386672973632812e-01 3.594599962234497070e-01 3.889946639537811279e-01 6.988706588745117188e-01 6.186079978942871094e-01 6.492000073194503784e-03 5.417813062667846680e-01
6.404133439064025879e-01 1.225880011916160583e-01 2.578760087490081787e-01 8.457773327827453613e-01 1.598293334245681763e-01 2.429199963808059692e-01 6.123253107070922852e-01 8.612080216407775879e-01
0.000000000000000000e+00 9.999279975891113281e-01 0.000000000000000000e+00 6.562680006027221680e-01 0.000000000000000000e+00 9.998306632041931152e-01 0.000000000000000000e+00 9.997213482856750488e-01
9.692493081092834473e-01 5.926400050520896912e-02 7.678746581077575684e-01 5.665559768676757812e-01 5.377359986305236816e-01 2.139026671648025513e-01 8.216533064842224121e-01 5.224653482437133789e-01
9.997079968452453613e-01 2.282666740939021111e-03 1.527333259582519531e-01 4.314533174037933350e-01 1.581439971923828125e-01 1.854506731033325195e-01 9.964159727096557617e-01 9.963706731796264648e-01
9.770280122756958008e-01 8.002093434333801270e-01 8.920533210039138794e-02 9.977520108222961426e-01 7.489719986915588379e-01 4.893186688423156738e-01 1.000000000000000000e+00 9.106666548177599907e-04
1.901613324880599976e-01 8.554799854755401611e-02 4.402293264865875244e-01 8.226919770240783691e-01 4.720000028610229492e-01 1.779360026121139526e-01 6.186746358871459961e-01 7.893666625022888184e-01
7.054693102836608887e-01 2.418866604566574097e-01 6.601506471633911133e-01 2.137466669082641602e-01 2.615946531295776367e-01 6.503106355667114258e-01 9.565466642379760742e-01 4.541786611080169678e-01
8.943359851837158203e-01 1.780400052666664124e-02 2.166933380067348480e-02 2.621213197708129883e-01 8.077480196952819824e-01 5.683653354644775391e-01 9.956106543540954590e-01 7.245706915855407715e-01
6.015106439590454102e-01 9.923693537712097168e-01 2.801266610622406006e-01 2.557333372533321381e-02 9.799266457557678223e-01 6.472960114479064941e-01 4.667613208293914795e-01 3.770666662603616714e-03
5.519506931304931641e-01 9.403839707374572754e-01 3.472026586532592773e-01 6.218039989471435547e-01 8.462933301925659180e-01 3.553813397884368896e-01 9.691013097763061523e-01 7.266666740179061890e-03
7.793200016021728516e-02 1.769786626100540161e-01 9.316279888153076172e-01 2.482839971780776978e-01 4.581306576728820801e-01 6.897439956665039062e-01 5.453173518180847168e-01 4.849999845027923584e-01
5.696280002593994141e-01 3.318053185939788818e-01 9.121226668357849121e-01 5.451413393020629883e-01 6.591200083494186401e-02 4.189440011978149414e-01 3.219079971313476562e-01 7.538999915122985840e-01
6.216813325881958008e-01 6.579266786575317383e-01 2.189533263444900513e-01 9.417813420295715332e-01 8.479719758033752441e-01 5.376160144805908203e-01 8.285266757011413574e-01 2.013586610555648804e-01
2.427333407104015350e-02 9.145626425743103027e-01 3.678666660562157631e-03 9.786319732666015625e-01 3.162400051951408386e-02 2.726666629314422607e-02 4.697333090007305145e-03 9.828346371650695801e-01
2.627626657485961914e-01 4.653386771678924561e-01 5.093999952077865601e-02 9.221306443214416504e-01 1.529053300619125366e-01 3.729066550731658936e-01 7.206280231475830078e-01 7.354293465614318848e-01
8.498786687850952148e-01 6.131893396377563477e-01 3.876533359289169312e-02 9.810280203819274902e-01 7.600160241127014160e-01 2.967759966850280762e-01 7.326359748840332031e-01 6.053986549377441406e-01
7.607573270797729492e-01 3.072400018572807312e-02 6.992213129997253418e-01 1.246853321790695190e-01 4.702666774392127991e-02 4.282439947128295898e-01 8.099253177642822266e-01 8.759866356849670410e-01
9.175146818161010742e-01 1.970186680555343628e-01 8.918120265007019043e-01 4.859106540679931641e-01 6.458986401557922363e-01 7.888173460960388184e-01 8.869013190269470215e-01 4.598706662654876709e-01
4.912639856338500977e-01 8.099346756935119629e-01 2.523373365402221680e-01 3.972773253917694092e-01 4.028266668319702148e-01 4.713320136070251465e-01 5.762506723403930664e-01 2.998413443565368652e-01
3.403866589069366455e-01 6.047733426094055176e-01 3.590506613254547119e-01 6.132400035858154297e-01 4.947986602783203125e-01 6.128759980201721191e-01 5.383386611938476562e-01 4.079106748104095459e-01
4.882160127162933350e-01 1.701506674289703369e-01 8.505839705467224121e-01 2.132840007543563843e-01 5.284800007939338684e-02 8.988746404647827148e-01 1.946133375167846680e-02 9.883800148963928223e-01
4.902026653289794922e-01 9.275666475296020508e-01 2.304120063781738281e-01 8.186346888542175293e-01 9.950293302536010742e-01 2.348693311214447021e-01 9.944760203361511230e-01 4.661333281546831131e-03
2.067600004374980927e-02 4.540266469120979309e-02 9.197973012924194336e-01 9.521866589784622192e-02 5.762666463851928711e-03 2.846986651420593262e-01 1.950266584753990173e-02 9.939066767692565918e-01
8.707306385040283203e-01 6.443826556205749512e-01 2.818413376808166504e-01 7.523000240325927734e-01 8.788506388664245605e-01 8.364319801330566406e-01 8.696826696395874023e-01 2.018346637487411499e-01
4.546946585178375244e-01 2.624026536941528320e-01 8.246400207281112671e-02 8.848453164100646973e-01 1.675239950418472290e-01 3.168306648731231689e-01 8.747533559799194336e-01 8.429253101348876953e-01
1.004373356699943542e-01 5.256839990615844727e-01 9.510226845741271973e-01 1.911626607179641724e-01 1.984533295035362244e-02 4.384293258190155029e-01 4.220000002533197403e-03 8.805053234100341797e-01
8.810826539993286133e-01 5.777639746665954590e-01 8.580920100212097168e-01 2.046293318271636963e-01 9.264280200004577637e-01 4.068426787853240967e-01 7.915973067283630371e-01 1.127799972891807556e-01
5.197026729583740234e-01 4.362813234329223633e-01 5.277720093727111816e-01 7.798453569412231445e-01 1.333653330802917480e-01 5.197946429252624512e-01 3.156266510486602783e-01 8.260160088539123535e-01
1.219279989600181580e-01 6.413173079490661621e-01 2.002413272857666016e-01 5.913186669349670410e-01 9.887599945068359375e-02 2.500013411045074463e-01 1.982386708259582520e-01 8.497573137283325195e-01
6.933333497727289796e-05 9.511533379554748535e-01 0.000000000000000000e+00 9.217866659164428711e-01 1.815200038254261017e-02 6.688933372497558594e-01 6.807533502578735352e-01 1.000466644763946533e-01
1.037399992346763611e-01 8.039053082466125488e-01 1.528626680374145508e-01 3.309986591339111328e-01 3.692933320999145508e-01 7.183600068092346191e-01 2.213920056819915771e-01 5.751533508300781250e-01
2.789386510848999023e-01 1.087866630405187607e-02 1.990986615419387817e-01 7.328839898109436035e-01 3.867999836802482605e-02 4.976666569709777832e-01 9.985799789428710938e-01 9.969413280487060547e-01
4.751413464546203613e-01 1.059639975428581238e-01 4.978093206882476807e-01 4.481333196163177490e-01 1.048013344407081604e-01 6.573866605758666992e-01 6.171466782689094543e-02 9.395213127136230469e-01
9.991013407707214355e-01 8.640519976615905762e-01 9.940440058708190918e-01 8.408586382865905762e-01 4.221906661987304688e-01 2.578533291816711426e-01 3.839559853076934814e-01 6.672133207321166992e-01
6.900613307952880859e-01 7.911786437034606934e-01 3.983120024204254150e-01 3.119466640055179596e-02 9.981293082237243652e-01 4.334279894828796387e-01 5.327653288841247559e-01 9.204532951116561890e-02
8.240799903869628906e-01 5.167146921157836914e-01 4.712693393230438232e-01 5.384026765823364258e-01 7.952520251274108887e-01 4.621333181858062744e-01 8.027359843254089355e-01 3.739333450794219971e-01
8.588399887084960938e-01 5.785840153694152832e-01 2.767199873924255371e-01 8.753586411476135254e-01 6.707146763801574707e-01 3.385146558284759521e-01 9.276360273361206055e-01 2.724466621875762939e-01
5.656573176383972168e-01 9.815146923065185547e-01 3.198266774415969849e-02 8.939080238342285156e-01 9.580906629562377930e-01 5.618399977684020996e-01 4.112733304500579834e-01 5.013599991798400879e-02
1.249333284795284271e-02 8.398666977882385254e-03 7.502186894416809082e-01 9.817306399345397949e-01 3.336666524410247803e-01 1.281853318214416504e-01 5.445866584777832031e-01 9.376186728477478027e-01
8.581879734992980957e-01 8.187919855117797852e-01 8.496066927909851074e-01 1.311426609754562378e-01 1.835133284330368042e-01 2.200706601142883301e-01 2.077066600322723389e-01 8.440213203430175781e-01
6.619013547897338867e-01 7.926506400108337402e-01 2.073599994182586670e-01 9.250933527946472168e-01 6.082720160484313965e-01 3.407759964466094971e-01 7.205493450164794922e-01 4.414133429527282715e-01
1.097066700458526611e-01 9.056213498115539551e-01 6.671453118324279785e-01 8.050973415374755859e-01 8.602453470230102539e-01 4.390453398227691650e-01 9.587600082159042358e-02 3.749773204326629639e-01
4.052493274211883545e-01 2.491733245551586151e-02 6.871013045310974121e-01 5.658346414566040039e-01 7.389066815376281738e-01 1.519653350114822388e-01 5.691346526145935059e-01 5.451160073280334473e-01
7.754786610603332520e-01 5.570120215415954590e-01 3.514573276042938232e-01 6.129386425018310547e-01 4.926706552505493164e-01 3.980599939823150635e-01 6.311680078506469727e-01 4.519613385200500488e-01
1.862186640501022339e-01 8.629293441772460938e-01 1.429013311862945557e-01 7.963733077049255371e-01 4.615946710109710693e-01 2.224719971418380737e-01 6.767973303794860840e-01 2.364799976348876953e-01
4.137760102748870850e-01 4.179066792130470276e-02 9.201239943504333496e-01 3.500786721706390381e-01 3.258800134062767029e-02 4.478413462638854980e-01 5.131853222846984863e-01 8.964866399765014648e-01
2.496813386678695679e-01 6.708199977874755859e-01 5.288079977035522461e-01 4.579440057277679443e-01 4.054373204708099365e-01 4.727413356304168701e-01 4.636479914188385010e-01 3.895613253116607666e-01
5.734813213348388672e-01 4.339039921760559082e-01 1.459613293409347534e-01 8.504773378372192383e-01 3.214319944381713867e-01 2.260533273220062256e-01 5.866693258285522461e-01 5.097039937973022461e-01
9.602506756782531738e-01 8.797733485698699951e-02 9.957626461982727051e-01 4.193333443254232407e-03 9.943466782569885254e-01 7.469733357429504395e-01 9.577573537826538086e-01 3.222666680812835693e-03
7.602133154869079590e-01 9.167173504829406738e-01 7.483186721801757812e-01 4.279293417930603027e-01 9.175720214843750000e-01 6.972506642341613770e-01 5.459746718406677246e-01 8.706666529178619385e-02
1.651439964771270752e-01 1.560386717319488525e-01 2.664213180541992188e-01 7.766720056533813477e-01 7.056800276041030884e-02 4.217693209648132324e-01 4.811999946832656860e-02 9.820306897163391113e-01
1.392466723918914795e-01 5.437293052673339844e-01 5.956000089645385742e-02 9.288506507873535156e-01 7.655199617147445679e-02 7.872946858406066895e-01 5.957533121109008789e-01 7.332813143730163574e-01
6.242586374282836914e-01 4.495133459568023682e-01 3.967613279819488525e-01 9.624426364898681641e-01 4.643093347549438477e-01 6.337773203849792480e-01 4.966426789760589600e-01 4.369719922542572021e-01
7.601506710052490234e-01 2.297599986195564270e-02 1.225079968571662903e-01 7.190639972686767578e-01 7.047866284847259521e-02 1.308706700801849365e-01 4.583053290843963623e-01 9.950680136680603027e-01
5.757466703653335571e-02 2.388053387403488159e-01 8.758786916732788086e-01 1.947893351316452026e-01 1.632946729660034180e-01 1.353493332862854004e-01 1.968426704406738281e-01 8.345360159873962402e-01
8.588906526565551758e-01 1.400133315473794937e-02 6.616226434707641602e-01 8.069720268249511719e-01 5.414666607975959778e-02 8.248746395111083984e-01 9.322839975357055664e-01 9.950439929962158203e-01
4.164613187313079834e-01 8.728560209274291992e-01 4.463533461093902588e-01 3.021826744079589844e-01 8.455066680908203125e-01 6.639506816864013672e-01 8.146226406097412109e-01 1.363320052623748779e-01
9.836626648902893066e-01 2.346066683530807495e-01 9.444280266761779785e-01 6.701480150222778320e-01 9.486946463584899902e-01 5.513093471527099609e-01 9.220893383026123047e-01 2.883493304252624512e-01
8.066560029983520508e-01 1.797693371772766113e-01 4.349293410778045654e-01 7.948039770126342773e-01 9.769520163536071777e-01 5.406773090362548828e-01 9.931306838989257812e-01 3.311333432793617249e-02
3.805733323097229004e-01 4.042800068855285645e-01 4.072893261909484863e-01 8.789600133895874023e-01 6.020346879959106445e-01 8.758333325386047363e-01 6.789466738700866699e-01 3.722853362560272217e-01
7.858693599700927734e-01 9.657999873161315918e-02 1.380439996719360352e-01 9.769319891929626465e-01 1.310586631298065186e-01 4.434599876403808594e-01 9.898080229759216309e-01 1.265373378992080688e-01
6.218293309211730957e-01 2.787106633186340332e-01 5.974466800689697266e-01 7.351239919662475586e-01 1.245346665382385254e-01 5.170706510543823242e-01 7.684866786003112793e-01 6.741279959678649902e-01
5.293266773223876953e-01 6.728853583335876465e-01 8.485773205757141113e-01 5.532839894294738770e-01 9.241999983787536621e-01 2.718053460121154785e-01 9.347506761550903320e-01 1.362653374671936035e-01
8.626919984817504883e-01 2.610346674919128418e-01 9.780133515596389771e-02 9.242173433303833008e-01 2.931759953498840332e-01 7.682666778564453125e-01 5.708626508712768555e-01 7.515280246734619141e-01
1.080600023269653320e-01 5.861560106277465820e-01 5.562666803598403931e-02 8.539599776268005371e-01 2.796039879322052002e-01 4.067640006542205811e-01 3.871546685695648193e-01 7.843693494796752930e-01
5.780653357505798340e-01 8.370800316333770752e-02 5.716293454170227051e-01 5.442853569984436035e-01 1.443160027265548706e-01 6.354280114173889160e-01 4.423879981040954590e-01 8.887559771537780762e-01
3.226453363895416260e-01 5.064346790313720703e-01 3.550040125846862793e-01 6.134813427925109863e-01 4.323720037937164307e-01 4.359853267669677734e-01 4.413786530494689941e-01 5.471906661987304688e-01
7.306666811928153038e-04 2.989386618137359619e-01 4.520800113677978516e-01 3.160000080242753029e-03 3.626666730269789696e-04 2.605920135974884033e-01 4.672933369874954224e-02 9.204306602478027344e-01
9.573333081789314747e-04 9.422413110733032227e-01 8.261333219707012177e-03 8.564453125000000000e-01 7.602666504681110382e-03 7.078933119773864746e-01 2.273066714406013489e-02 9.501959681510925293e-01
8.443093299865722656e-01 3.255466744303703308e-02 9.314986467361450195e-01 4.462960064411163330e-01 2.313506603240966797e-01 4.805506765842437744e-01 8.375613093376159668e-01 8.857120275497436523e-01
8.144253492355346680e-01 3.955600038170814514e-02 6.218600273132324219e-01 9.395573139190673828e-01 7.217346429824829102e-01 2.731719911098480225e-01 9.651973247528076172e-01 7.652266621589660645e-01
5.308733582496643066e-01 7.317773103713989258e-01 4.244560003280639648e-01 1.355666667222976685e-01 2.073013335466384888e-01 7.534386515617370605e-01 5.660973191261291504e-01 4.895506799221038818e-01
9.877266883850097656e-01 7.661333307623863220e-03 8.668346405029296875e-01 9.001146554946899414e-01 2.643733285367488861e-02 1.813933402299880981e-01 9.628546833992004395e-01 9.683786630630493164e-01
2.645959854125976562e-01 8.827013373374938965e-01 9.995440244674682617e-01 2.227999968454241753e-03 5.402893424034118652e-01 9.326639771461486816e-01 3.042626678943634033e-01 2.434306591749191284e-01
3.024866580963134766e-01 4.169733449816703796e-02 3.344973325729370117e-01 8.924800157546997070e-02 1.870186626911163330e-01 3.977013230323791504e-01 8.846786618232727051e-01 9.621226787567138672e-01
2.840906679630279541e-01 5.770786404609680176e-01 3.343293368816375732e-01 4.015733301639556885e-01 2.903986573219299316e-01 5.722693204879760742e-01 4.095066785812377930e-01 4.053480029106140137e-01
1.454920023679733276e-01 7.840413451194763184e-01 2.784493267536163330e-01 6.817026734352111816e-01 5.057733505964279175e-02 5.708240270614624023e-01 7.989999651908874512e-02 9.465280175209045410e-01
3.421866595745086670e-01 1.661746650934219360e-01 4.467053413391113281e-01 7.061280012130737305e-01 1.337333321571350098e-01 7.895119786262512207e-01 6.328026652336120605e-01 9.026013016700744629e-01
3.452293276786804199e-01 4.788986742496490479e-01 2.005826681852340698e-01 3.355720043182373047e-01 1.924666576087474823e-02 3.945986628532409668e-01 6.368000060319900513e-03 9.923466444015502930e-01
8.095973134040832520e-01 4.439893364906311035e-01 1.078666653484106064e-03 9.992333054542541504e-01 3.516559898853302002e-01 6.983439922332763672e-01 9.635879993438720703e-01 9.844586849212646484e-01
2.781760096549987793e-01 5.068519711494445801e-01 3.797239959239959717e-01 6.667439937591552734e-01 4.239053428173065186e-01 4.798773229122161865e-01 7.609173059463500977e-01 3.853293359279632568e-01
6.994813084602355957e-01 3.698946535587310791e-01 8.261333107948303223e-01 1.640973389148712158e-01 8.365626931190490723e-01 6.030719876289367676e-01 4.783999919891357422e-01 3.907053470611572266e-01
9.815199971199035645e-01 7.147066295146942139e-02 1.701879948377609253e-01 2.482973337173461914e-01 3.396840095520019531e-01 5.736866593360900879e-01 5.479999817907810211e-03 9.939000010490417480e-01
6.094200015068054199e-01 7.387160062789916992e-01 4.700866639614105225e-01 3.782239854335784912e-01 7.457640171051025391e-01 8.049106597900390625e-01 5.804746747016906738e-01 2.135866731405258179e-01
4.763839840888977051e-01 8.268280029296875000e-01 4.891493320465087891e-01 9.986186623573303223e-01 4.714666865766048431e-03 7.917640209197998047e-01 1.641066744923591614e-02 9.567493200302124023e-01
3.893199935555458069e-02 1.255493313074111938e-01 9.702213406562805176e-01 3.826666623353958130e-02 5.001999735832214355e-01 3.987866640090942383e-01 5.787439942359924316e-01 5.175560116767883301e-01
4.581733420491218567e-02 1.706906706094741821e-01 1.138266697525978088e-01 8.171119689941406250e-01 9.883733093738555908e-02 4.351319968700408936e-01 7.222133129835128784e-02 9.049506783485412598e-01
9.183599799871444702e-02 4.836146533489227295e-01 1.026399992406368256e-02 8.066679835319519043e-01 1.675199903547763824e-02 2.588973343372344971e-01 8.056533336639404297e-02 9.903693199157714844e-01
7.116013169288635254e-01 5.459546446800231934e-01 7.617253065109252930e-01 1.608639955520629883e-01 7.578293085098266602e-01 5.160733461380004883e-01 5.386013388633728027e-01 3.991226553916931152e-01
6.132853031158447266e-01 6.639773249626159668e-01 1.815573275089263916e-01 7.399013042449951172e-01 6.417453289031982422e-01 2.318866699934005737e-01 6.208266615867614746e-01 4.139319956302642822e-01
3.189586699008941650e-01 5.463640093803405762e-01 7.268266379833221436e-02 8.086799979209899902e-01 4.341293275356292725e-01 1.771346628665924072e-01 3.278266787528991699e-01 5.621013045310974121e-01
8.627413511276245117e-01 3.729679882526397705e-01 3.764120042324066162e-01 8.041319847106933594e-01 6.392959952354431152e-01 1.874080002307891846e-01 8.101760149002075195e-01 4.641213417053222656e-01
1.798573285341262817e-01 1.153506636619567871e-01 7.451466470956802368e-02 1.000199988484382629e-01 6.684533506631851196e-02 3.324973285198211670e-01 5.932000000029802322e-03 9.736599922180175781e-01
2.653133273124694824e-01 9.483466744422912598e-01 6.772159934043884277e-01 7.670293450355529785e-01 4.584533348679542542e-02 6.835066676139831543e-01 0.000000000000000000e+00 6.468880176544189453e-01
9.070680141448974609e-01 8.664693236351013184e-01 9.237466454505920410e-01 7.260919809341430664e-01 9.556146860122680664e-01 5.175866484642028809e-01 1.657039970159530640e-01 2.875613272190093994e-01
3.543106615543365479e-01 7.681666612625122070e-01 3.695333302021026611e-01 6.367719769477844238e-01 7.087346911430358887e-01 1.449533402919769287e-01 8.355506658554077148e-01 2.155960053205490112e-01
4.574746787548065186e-01 8.388146758079528809e-01 8.662799745798110962e-02 9.771546721458435059e-01 7.321573495864868164e-01 3.763279914855957031e-01 5.308026671409606934e-01 3.346933424472808838e-01
3.665506541728973389e-01 6.064506769180297852e-01 3.146213293075561523e-01 6.746613383293151855e-01 4.432786703109741211e-01 1.822133362293243408e-01 5.803053379058837891e-01 4.730133414268493652e-01
6.724253296852111816e-01 6.260079741477966309e-01 9.601906538009643555e-01 3.733066841959953308e-02 9.812053442001342773e-01 4.606333374977111816e-01 5.708213448524475098e-01 3.288666531443595886e-02
2.516080141067504883e-01 8.069720268249511719e-01 4.132186770439147949e-01 6.814026832580566406e-01 7.806773185729980469e-01 5.660733580589294434e-01 5.900666713714599609e-01 1.563960015773773193e-01
3.390813469886779785e-01 2.748639881610870361e-01 3.236733376979827881e-01 8.168173432350158691e-01 2.363319993019104004e-01 4.657986760139465332e-01 8.455746769905090332e-01 6.192026734352111816e-01
3.983426690101623535e-01 1.281413286924362183e-01 1.251080036163330078e-01 9.798600077629089355e-01 1.407893300056457520e-01 1.972266733646392822e-01 6.505640149116516113e-01 9.990239739418029785e-01
8.496973514556884766e-01 4.997693300247192383e-01 7.212960124015808105e-01 9.458906650543212891e-01 1.132013350725173950e-01 4.324600100517272949e-01 3.516240119934082031e-01 8.834813237190246582e-01
9.813199937343597412e-02 8.902400135993957520e-01 2.144146710634231567e-01 4.384840130805969238e-01 7.612866759300231934e-01 2.018200010061264038e-01 8.705853223800659180e-01 1.176493316888809204e-01
8.587493300437927246e-01 1.814933270215988159e-01 4.055719971656799316e-01 9.853199720382690430e-01 3.270933330059051514e-01 2.611773312091827393e-01 9.746613502502441406e-01 8.950039744377136230e-01
1.182306632399559021e-01 7.541559934616088867e-01 4.997066780924797058e-02 8.856853246688842773e-01 8.822800219058990479e-02 1.856999993324279785e-01 4.892373383045196533e-01 8.113520145416259766e-01
9.423800110816955566e-01 8.290600180625915527e-01 9.625293016433715820e-01 3.858746588230133057e-01 9.955213069915771484e-01 8.316040039062500000e-01 7.024306654930114746e-01 4.476533457636833191e-02
9.990466833114624023e-01 2.382133305072784424e-01 7.727373242378234863e-01 3.586733341217041016e-01 6.227693557739257812e-01 3.324066698551177979e-01 5.275946855545043945e-01 8.106480240821838379e-01
7.353320121765136719e-01 7.535039782524108887e-01 1.289853304624557495e-01 9.729106426239013672e-01 7.825266718864440918e-01 3.002653419971466064e-01 7.835293412208557129e-01 2.823640108108520508e-01
9.025880098342895508e-01 9.812306761741638184e-01 7.518213391304016113e-01 9.154453277587890625e-01 1.688786596059799194e-01 2.303253263235092163e-01 1.625600084662437439e-02 5.139213204383850098e-01
1.566266715526580811e-01 1.000000000000000000e+00 6.107866764068603516e-02 9.814199805259704590e-01 1.087293326854705811e-01 8.622586727142333984e-01 5.611026883125305176e-01 9.266667068004608154e-03
6.696439981460571289e-01 8.668906688690185547e-01 6.202813386917114258e-01 7.973600178956985474e-02 6.182706356048583984e-01 6.168893575668334961e-01 8.533386588096618652e-01 1.177626699209213257e-01
1.537173390388488770e-01 1.916893273591995239e-01 5.857066810131072998e-02 9.017173051834106445e-01 6.117333471775054932e-02 1.998160034418106079e-01 8.113600015640258789e-01 9.073453545570373535e-01
5.283693075180053711e-01 4.549733400344848633e-01 9.358479976654052734e-01 4.151000082492828369e-01 1.919080018997192383e-01 4.420026540756225586e-01 5.772946476936340332e-01 4.935706555843353271e-01
5.189306735992431641e-01 5.185613036155700684e-01 2.905159890651702881e-01 4.176586568355560303e-01 7.090026736259460449e-01 4.011679887771606445e-01 6.412933468818664551e-01 2.220319956541061401e-01
7.731866836547851562e-02 1.457866728305816650e-01 9.766039848327636719e-01 1.250733286142349243e-01 5.203239917755126953e-01 3.797520101070404053e-01 3.720133304595947266e-01 6.910093426704406738e-01
2.978160083293914795e-01 1.931999921798706055e-01 7.276133447885513306e-02 6.291600316762924194e-02 8.433333598077297211e-03 3.744840025901794434e-01 6.287466883659362793e-01 8.928613066673278809e-01
8.510426878929138184e-01 5.362586379051208496e-01 8.590813279151916504e-01 6.717733293771743774e-02 9.585773348808288574e-01 7.188773155212402344e-01 5.717560052871704102e-01 6.281866878271102905e-02
3.156173229217529297e-01 2.377853393554687500e-01 5.095373392105102539e-01 3.717800080776214600e-01 2.781333401799201965e-02 2.167093306779861450e-01 2.336079925298690796e-01 9.943439960479736328e-01
9.170386791229248047e-01 6.051800251007080078e-01 6.088266521692276001e-02 6.259146928787231445e-01 6.347613334655761719e-01 5.953973531723022461e-01 7.548840045928955078e-01 2.986719906330108643e-01
8.020786643028259277e-01 7.760799676179885864e-02 8.233946561813354492e-01 5.486653447151184082e-01 2.457053363323211670e-01 1.168773323297500610e-01 8.538666367530822754e-01 8.522146940231323242e-01
6.067386865615844727e-01 4.380933195352554321e-02 3.377266526222229004e-01 8.726320266723632812e-01 2.167746722698211670e-01 4.545879960060119629e-01 6.670346856117248535e-01 9.045439958572387695e-01
4.087746739387512207e-01 6.774240136146545410e-01 2.619026601314544678e-01 7.106320261955261230e-01 9.388399720191955566e-01 2.839373350143432617e-01 6.276946663856506348e-01 2.756879925727844238e-01
9.708693027496337891e-01 6.130053400993347168e-01 1.527346670627593994e-01 8.787653446197509766e-01 9.809853434562683105e-01 5.944759845733642578e-01 9.000386595726013184e-01 2.100279927253723145e-01
2.300346642732620239e-01 7.032240033149719238e-01 6.531320214271545410e-01 4.393546581268310547e-01 4.800413250923156738e-01 1.826226711273193359e-01 1.641373336315155029e-01 3.616439998149871826e-01
6.359506845474243164e-01 6.013093590736389160e-01 9.345373511314392090e-01 7.030906677246093750e-01 7.622373104095458984e-01 5.848293304443359375e-01 3.498679995536804199e-01 5.669040083885192871e-01
4.303840100765228271e-01 6.787106394767761230e-01 2.392773330211639404e-01 6.829479932785034180e-01 5.426306724548339844e-01 7.292039990425109863e-01 5.996400117874145508e-01 5.026426911354064941e-01
6.859706640243530273e-01 9.549333453178405762e-01 1.914666593074798584e-01 8.120453357696533203e-01 8.489386439323425293e-01 4.572066664695739746e-01 2.193080037832260132e-01 1.253066658973693848e-01
6.448706388473510742e-01 3.946533203125000000e-01 7.275933027267456055e-01 1.673720031976699829e-01 7.015879750251770020e-01 2.126760035753250122e-01 5.241000056266784668e-01 4.728386700153350830e-01
0.000000000000000000e+00 8.823559880256652832e-01 8.986666798591613770e-04 8.745520114898681641e-01 0.000000000000000000e+00 4.941413402557373047e-01 1.809613257646560669e-01 9.035653471946716309e-01
5.546479821205139160e-01 6.138346791267395020e-01 7.961026430130004883e-01 9.982133656740188599e-02 9.307799935340881348e-01 4.464306533336639404e-01 6.222839951515197754e-01 1.866586655378341675e-01
4.154959917068481445e-01 2.445133328437805176e-01 6.422560214996337891e-01 8.024533092975616455e-02 4.199226796627044678e-01 8.968666940927505493e-02 3.398599922657012939e-01 6.855026483535766602e-01
2.743866667151451111e-02 9.986106753349304199e-01 9.138333201408386230e-01 1.475999969989061356e-02 1.231999951414763927e-03 5.334960222244262695e-01 6.249866634607315063e-02 6.558399796485900879e-01
8.232520222663879395e-01 6.044400110840797424e-02 2.215133309364318848e-01 7.447893023490905762e-01 3.396213352680206299e-01 4.730026721954345703e-01 6.585879921913146973e-01 9.945520162582397461e-01
4.063053429126739502e-01 7.869946360588073730e-01 5.024759769439697266e-01 2.593466639518737793e-02 8.859360218048095703e-01 6.219800114631652832e-01 2.933866679668426514e-01 1.117146685719490051e-01
2.339133322238922119e-01 9.952093362808227539e-01 1.690240055322647095e-01 7.027919888496398926e-01 9.876493215560913086e-01 3.747613430023193359e-01 4.779893457889556885e-01 5.214666575193405151e-02
5.866546630859375000e-01 2.832666598260402679e-02 2.371186614036560059e-01 4.163533449172973633e-01 4.114533215761184692e-02 5.388226509094238281e-01 2.321733348071575165e-02 9.768773317337036133e-01
1.518546640872955322e-01 7.386186718940734863e-01 2.068279981613159180e-01 8.550119996070861816e-01 5.049013495445251465e-01 4.840306639671325684e-01 2.642133235931396484e-01 4.107053279876708984e-01
7.644266486167907715e-01 8.087520003318786621e-01 6.670666858553886414e-03 8.967133164405822754e-01 9.950973391532897949e-01 3.315239846706390381e-01 3.443933427333831787e-01 7.763040065765380859e-01
5.839200019836425781e-01 5.166733264923095703e-01 4.842533469200134277e-01 5.858613252639770508e-01 7.877613306045532227e-01 6.179106831550598145e-01 7.514426708221435547e-01 2.322413325309753418e-01
2.902026772499084473e-01 8.623066544532775879e-02 3.385066613554954529e-02 8.866386413574218750e-01 1.875800043344497681e-01 5.671106576919555664e-01 9.858106374740600586e-01 9.672960042953491211e-01
2.233799993991851807e-01 7.922399789094924927e-02 2.943666577339172363e-01 9.383386373519897461e-01 1.091386675834655762e-01 3.825906515121459961e-01 6.075466796755790710e-02 9.656066894531250000e-01
9.787653088569641113e-01 4.572946727275848389e-01 6.012719869613647461e-01 3.698546588420867920e-01 8.501520156860351562e-01 2.285919934511184692e-01 9.040719866752624512e-01 2.185186594724655151e-01
1.572439968585968018e-01 4.643266797065734863e-01 4.739933311939239502e-01 2.007306665182113647e-01 3.562613427639007568e-01 3.770493268966674805e-01 3.455666601657867432e-01 6.025760173797607422e-01
6.248226761817932129e-01 9.660693407058715820e-01 6.682026386260986328e-01 5.005333200097084045e-02 5.608533322811126709e-02 7.587213516235351562e-01 5.449200049042701721e-02 9.311439990997314453e-01
9.798546433448791504e-01 3.136933222413063049e-02 3.256813287734985352e-01 6.826693415641784668e-01 5.465000271797180176e-01 2.723573446273803711e-01 4.899546802043914795e-01 7.884159684181213379e-01
4.278013408184051514e-01 9.411240220069885254e-01 1.959586590528488159e-01 7.205079793930053711e-01 8.700373172760009766e-01 3.684293329715728760e-01 2.927280068397521973e-01 6.330533325672149658e-02
1.317026615142822266e-01 9.092360138893127441e-01 1.017853319644927979e-01 9.957493543624877930e-01 4.001800119876861572e-01 9.976093173027038574e-01 3.621439933776855469e-01 2.536053359508514404e-01
2.511186599731445312e-01 7.656986713409423828e-01 6.759120225906372070e-01 1.784013360738754272e-01 7.019479870796203613e-01 7.591266632080078125e-01 2.059293389320373535e-01 2.341906726360321045e-01
1.112520024180412292e-01 9.961533546447753906e-01 2.179413288831710815e-01 9.638573527336120605e-01 6.740000098943710327e-03 5.395333468914031982e-02 1.413013339042663574e-01 9.955426454544067383e-01
3.815386593341827393e-01 6.366373300552368164e-01 3.701706528663635254e-01 9.172786474227905273e-01 5.397333297878503799e-03 4.837733209133148193e-01 3.316573202610015869e-01 7.509226799011230469e-01
8.140773177146911621e-01 1.128533333539962769e-01 9.333773255348205566e-01 6.578066945075988770e-01 6.870920062065124512e-01 4.907306730747222900e-01 5.612346529960632324e-01 5.630986690521240234e-01
1.681466586887836456e-02 8.441026806831359863e-01 1.747466623783111572e-02 9.763559699058532715e-01 1.331599988043308258e-02 1.754560023546218872e-01 3.327733278274536133e-02 9.889360070228576660e-01
7.683106660842895508e-01 6.484266519546508789e-01 2.815839946269989014e-01 5.912373065948486328e-01 9.570853114128112793e-01 5.350373387336730957e-01 4.313760101795196533e-01 2.129066735506057739e-01
7.079439759254455566e-01 8.332266658544540405e-02 1.519226729869842529e-01 9.938520193099975586e-01 1.175533309578895569e-01 6.850906610488891602e-01 5.762693285942077637e-01 9.070399999618530273e-01
8.700600266456604004e-01 3.554320037364959717e-01 7.581040263175964355e-01 6.451586484909057617e-01 3.749946653842926025e-01 6.093653440475463867e-01 5.876853466033935547e-01 6.780973076820373535e-01
4.180119931697845459e-01 7.332613468170166016e-01 3.071359992027282715e-01 4.695306718349456787e-01 7.427093386650085449e-01 7.741439938545227051e-01 5.398079752922058105e-01 1.192120015621185303e-01
9.991746544837951660e-01 7.499133348464965820e-01 9.945586919784545898e-01 8.484253287315368652e-01 5.329599976539611816e-02 6.750680208206176758e-01 6.174400076270103455e-02 9.286040067672729492e-01
0.000000000000000000e+00 9.976293444633483887e-01 0.000000000000000000e+00 9.171466827392578125e-01 1.378666609525680542e-03 2.647359967231750488e-01 8.704533427953720093e-02 6.130959987640380859e-01
1.289773285388946533e-01 1.932853311300277710e-01 2.456399984657764435e-02 1.080400031059980392e-02 3.875813186168670654e-01 3.888226747512817383e-01 8.786439895629882812e-01 7.265120148658752441e-01
1.814133375883102417e-01 8.988413214683532715e-01 9.104800224304199219e-02 8.656453490257263184e-01 4.973480105400085449e-01 6.112333536148071289e-01 1.306546628475189209e-01 3.882319927215576172e-01
2.535253465175628662e-01 5.440346598625183105e-01 2.224626690149307251e-01 8.655653595924377441e-01 1.158146634697914124e-01 8.647999912500381470e-02 9.242653250694274902e-01 3.095679879188537598e-01
9.737679958343505859e-01 2.619413435459136963e-01 9.735053181648254395e-01 7.144973278045654297e-01 7.476559877395629883e-01 3.976706564426422119e-01 8.635266423225402832e-01 3.112186789512634277e-01
8.943733572959899902e-01 2.774440050125122070e-01 8.747306466102600098e-01 8.444226384162902832e-01 3.878173232078552246e-01 6.126653552055358887e-01 1.430813372135162354e-01 8.497586846351623535e-01
5.311333537101745605e-01 6.976066827774047852e-01 4.702533185482025146e-01 2.968093454837799072e-01 5.630613565444946289e-01 3.981719911098480225e-01 1.409640014171600342e-01 6.411333084106445312e-01
6.785773038864135742e-01 7.841226458549499512e-01 3.272293210029602051e-01 9.470826387405395508e-01 4.337866604328155518e-01 5.327079892158508301e-01 4.720266759395599365e-01 5.281013250350952148e-01
3.595226705074310303e-01 2.884933352470397949e-01 9.976506829261779785e-01 6.266666459850966930e-04 4.080919921398162842e-01 8.360000252723693848e-01 2.371773272752761841e-01 7.900066375732421875e-01
7.181333377957344055e-03 6.780826449394226074e-01 1.868160068988800049e-01 5.534279942512512207e-01 2.944346666336059570e-01 4.332973361015319824e-01 4.632053375244140625e-01 4.445333182811737061e-01
7.436800003051757812e-01 8.820026516914367676e-01 8.187333345413208008e-01 2.110613286495208740e-01 9.408973455429077148e-01 7.901693582534790039e-01 1.858533322811126709e-01 3.403466567397117615e-02
6.102066636085510254e-01 3.556466698646545410e-01 6.530733108520507812e-01 4.336839914321899414e-01 6.966453194618225098e-01 2.802066802978515625e-01 5.061346888542175293e-01 2.861959934234619141e-01
0.000000000000000000e+00 9.693759679794311523e-01 4.280813336372375488e-01 1.399999950081110001e-03 2.595599889755249023e-01 4.303919970989227295e-01 1.506666594650596380e-04 2.664119899272918701e-01
6.281333509832620621e-03 4.194946587085723877e-01 9.586666524410247803e-02 6.431400179862976074e-01 1.113066636025905609e-02 6.048066616058349609e-01 2.848000079393386841e-02 9.821093082427978516e-01
3.927986621856689453e-01 3.385120034217834473e-01 3.012626767158508301e-01 7.772253155708312988e-01 2.725133299827575684e-01 5.822226405143737793e-01 8.115119934082031250e-01 4.903026521205902100e-01
3.015359938144683838e-01 9.788373112678527832e-01 4.324946701526641846e-01 1.430879980325698853e-01 1.078639999032020569e-01 5.883333086967468262e-01 6.591653227806091309e-01 1.579466648399829865e-02
4.094586670398712158e-01 9.960693120956420898e-01 7.321213483810424805e-01 5.629333201795816422e-03 9.117653369903564453e-01 6.528599858283996582e-01 2.690693438053131104e-01 2.960266731679439545e-02
1.606093347072601318e-01 5.446173548698425293e-01 1.717879921197891235e-01 4.230853319168090820e-01 4.700266569852828979e-02 3.899546563625335693e-01 7.789599895477294922e-02 8.974120020866394043e-01
9.071666598320007324e-01 8.599999709986150265e-04 9.647053480148315430e-01 8.716959953308105469e-01 9.633426666259765625e-01 5.061159729957580566e-01 9.653120040893554688e-01 8.200240135192871094e-01
3.337866812944412231e-02 3.648226559162139893e-01 8.983600139617919922e-02 5.014240145683288574e-01 1.963666677474975586e-01 3.639173209667205811e-01 4.697893261909484863e-01 7.624106407165527344e-01
6.238799691200256348e-01 2.003919929265975952e-01 7.669053077697753906e-01 3.299333453178405762e-01 2.951693236827850342e-01 2.825039923191070557e-01 9.343173503875732422e-01 4.783439934253692627e-01
4.331053197383880615e-01 2.583586573600769043e-01 6.856213212013244629e-01 3.676959872245788574e-01 3.605026602745056152e-01 1.663893312215805054e-01 7.008720040321350098e-01 6.643146872520446777e-01
