4.748053252696990967e-01 2.336999922990798950e-01 6.451906561851501465e-01 3.646239936351776123e-01 3.877373337745666504e-01 2.034119963645935059e-01 5.306119918823242188e-01 7.270986437797546387e-01
1.349333324469625950e-03 8.247733116149902344e-01 1.445733290165662766e-02 8.218039870262145996e-01 3.387999953702092171e-03 3.856439888477325439e-01 1.514266617596149445e-02 9.957119822502136230e-01
6.428679823875427246e-01 7.369266748428344727e-01 6.026639938354492188e-01 8.499573469161987305e-01 4.164106547832489014e-01 4.133639931678771973e-01 2.118079960346221924e-01 5.533120036125183105e-01
8.836813569068908691e-01 1.534293293952941895e-01 9.706879854202270508e-01 5.995066761970520020e-01 8.809466361999511719e-01 4.910666495561599731e-02 5.311506390571594238e-01 6.170026659965515137e-01
5.909946560859680176e-01 6.459053158760070801e-01 3.051399886608123779e-01 9.045320153236389160e-01 5.814533233642578125e-01 8.103280067443847656e-01 5.414013266563415527e-01 4.734919965267181396e-01
3.149586617946624756e-01 1.106799989938735962e-01 8.044453263282775879e-01 1.282533351331949234e-02 3.712039887905120850e-01 4.547653198242187500e-01 8.569986820220947266e-01 7.746826410293579102e-01
7.640866637229919434e-01 8.380773067474365234e-01 8.522639870643615723e-01 2.843453288078308105e-01 9.948973059654235840e-01 8.435919880867004395e-01 2.981680035591125488e-01 2.614133358001708984e-01
3.455399870872497559e-01 7.986613512039184570e-01 6.251746416091918945e-01 1.651706695556640625e-01 7.801079750061035156e-01 4.803186655044555664e-01 3.896533250808715820e-01 2.226466685533523560e-01
7.460240125656127930e-01 5.442280173301696777e-01 2.781733311712741852e-02 6.251000165939331055e-01 9.434133172035217285e-01 7.906426787376403809e-01 8.129946589469909668e-01 1.617639958858489990e-01
1.308813393115997314e-01 9.458720088005065918e-01 7.499866932630538940e-02 5.453293323516845703e-01 8.738146424293518066e-01 4.850906729698181152e-01 9.190266728401184082e-01 9.574133157730102539e-02
8.442786931991577148e-01 1.654266715049743652e-01 5.339840054512023926e-01 8.256933093070983887e-01 6.138733029365539551e-01 4.433839917182922363e-01 3.155346512794494629e-01 8.099946379661560059e-01
5.753413438796997070e-01 9.050586819648742676e-01 5.085960030555725098e-01 4.884226620197296143e-01 8.877106904983520508e-01 7.723640203475952148e-01 8.678960204124450684e-01 1.068573296070098877e-01
8.119533061981201172e-01 5.878906846046447754e-01 7.772013545036315918e-01 7.149040102958679199e-01 3.424666523933410645e-01 4.672093391418457031e-01 3.483066558837890625e-01 5.746480226516723633e-01
6.324746608734130859e-01 7.572253346443176270e-01 1.722013354301452637e-01 4.493466615676879883e-01 2.863626778125762939e-01 3.848306536674499512e-01 2.746986746788024902e-01 7.311386466026306152e-01
6.665679812431335449e-01 5.726573467254638672e-01 5.638146400451660156e-01 2.160533368587493896e-01 5.465999841690063477e-01 4.833133220672607422e-01 5.863613486289978027e-01 4.139026701450347900e-01
9.639533162117004395e-01 8.076840043067932129e-01 9.499826431274414062e-01 7.267226576805114746e-01 2.456986606121063232e-01 5.109266638755798340e-01 2.643506526947021484e-01 7.424853444099426270e-01
2.592773437500000000e-01 6.024173498153686523e-01 7.251906394958496094e-01 5.579959750175476074e-01 8.111799955368041992e-01 5.826893448829650879e-01 2.595773339271545410e-01 4.904800057411193848e-01
4.035613238811492920e-01 7.155666351318359375e-01 1.671106666326522827e-01 1.090333312749862671e-01 1.173359975218772888e-01 5.509053468704223633e-01 2.180919945240020752e-01 6.192493438720703125e-01
7.227853536605834961e-01 3.366746604442596436e-01 7.498319745063781738e-01 4.305133223533630371e-01 3.882839977741241455e-01 7.153346538543701172e-01 5.861066579818725586e-01 5.677160024642944336e-01
6.312919855117797852e-01 8.094053268432617188e-01 2.917079925537109375e-01 3.992199897766113281e-01 7.328240275382995605e-01 4.643066525459289551e-01 6.021333392709493637e-03 5.970093607902526855e-01
2.166319936513900757e-01 4.852506518363952637e-01 2.734613418579101562e-01 5.370853543281555176e-01 2.589586675167083740e-01 2.670280039310455322e-01 2.831146717071533203e-01 6.546173095703125000e-01
0.000000000000000000e+00 9.999773502349853516e-01 0.000000000000000000e+00 8.008973598480224609e-01 0.000000000000000000e+00 9.560373425483703613e-01 0.000000000000000000e+00 9.846159815788269043e-01
9.486453533172607422e-01 1.597199961543083191e-02 7.615600228309631348e-01 4.618720114231109619e-01 3.685866594314575195e-01 3.885639905929565430e-01 8.293973207473754883e-01 6.871240139007568359e-01
9.996053576469421387e-01 4.426666535437107086e-03 1.713306605815887451e-01 3.749159872531890869e-01 1.914306730031967163e-01 6.410706639289855957e-01 9.912333488464355469e-01 9.911533594131469727e-01
6.564706563949584961e-01 9.584906697273254395e-01 3.435866534709930420e-02 9.551706910133361816e-01 6.943426728248596191e-01 6.384360194206237793e-01 9.555906653404235840e-01 3.322666743770241737e-03
6.172893047332763672e-01 2.792800068855285645e-01 5.719946622848510742e-01 6.987346410751342773e-01 6.418986916542053223e-01 3.948213458061218262e-01 7.703746557235717773e-01 4.208520054817199707e-01
7.145053148269653320e-01 3.763679862022399902e-01 6.092613339424133301e-01 3.900760114192962646e-01 4.931653439998626709e-01 6.303746700286865234e-01 7.667386531829833984e-01 4.576599895954132080e-01
8.353666663169860840e-01 4.986266791820526123e-02 5.074799805879592896e-02 2.437493354082107544e-01 7.720013260841369629e-01 5.907599925994873047e-01 9.913466572761535645e-01 6.517199873924255371e-01
5.031999945640563965e-01 9.981719851493835449e-01 3.475866839289665222e-02 1.603253334760665894e-01 9.911320209503173828e-01 8.388293385505676270e-01 5.134479999542236328e-01 5.119999987073242664e-04
3.997653424739837646e-01 8.010119795799255371e-01 1.403653323650360107e-01 4.741653203964233398e-01 8.929679989814758301e-01 5.007653236389160156e-01 8.813626766204833984e-01 3.502933308482170105e-02
5.810000002384185791e-02 3.968799859285354614e-02 9.325306415557861328e-01 1.896826624870300293e-01 5.805479884147644043e-01 1.248240023851394653e-01 5.200186371803283691e-01 5.334333181381225586e-01
5.328400135040283203e-01 2.595426738262176514e-01 7.453519701957702637e-01 5.846613049507141113e-01 6.351733207702636719e-02 7.903853058815002441e-01 2.850480079650878906e-01 8.171933293342590332e-01
7.879226803779602051e-01 4.532440006732940674e-01 4.169266521930694580e-01 8.799560070037841797e-01 7.740933299064636230e-01 4.521279931068420410e-01 9.053986668586730957e-01 3.196946680545806885e-01
7.625333499163389206e-03 9.755266904830932617e-01 3.999999898951500654e-05 9.290706515312194824e-01 6.701333075761795044e-02 2.456173300743103027e-01 4.544120132923126221e-01 8.692613244056701660e-01
2.576946616172790527e-01 5.393293499946594238e-01 7.533200085163116455e-02 9.234586358070373535e-01 1.577013283967971802e-01 5.246626734733581543e-01 6.815466880798339844e-01 7.030653357505798340e-01
5.539479851722717285e-01 8.556280136108398438e-01 2.550533413887023926e-02 9.938146471977233887e-01 5.650666356086730957e-01 6.314386725425720215e-01 8.318893313407897949e-01 5.250933170318603516e-01
1.983706653118133545e-01 5.023466795682907104e-02 5.916000008583068848e-01 1.182200014591217041e-01 5.244133248925209045e-02 6.197453141212463379e-01 7.403946518898010254e-01 8.500866889953613281e-01
6.515066623687744141e-01 5.072306394577026367e-01 5.083946585655212402e-01 4.822333455085754395e-01 5.679666399955749512e-01 6.857293248176574707e-01 5.428066849708557129e-01 4.540880024433135986e-01
4.901359975337982178e-01 7.249799966812133789e-01 2.830826640129089355e-01 3.969253301620483398e-01 6.088666915893554688e-01 3.079159855842590332e-01 6.984493136405944824e-01 2.328533381223678589e-01
4.198253452777862549e-01 6.010640263557434082e-01 3.614560067653656006e-01 6.282320022583007812e-01 5.296279788017272949e-01 7.158839702606201172e-01 6.068026423454284668e-01 4.000333249568939209e-01
4.160213470458984375e-01 1.458866596221923828e-01 8.496053218841552734e-01 2.064853310585021973e-01 6.180666759610176086e-02 6.958519816398620605e-01 2.052799984812736511e-02 9.813386797904968262e-01
4.978346526622772217e-01 8.483346700668334961e-01 5.323773026466369629e-01 4.381186664104461670e-01 9.966546893119812012e-01 6.687240004539489746e-01 9.098200201988220215e-01 9.002533555030822754e-02
4.293333331588655710e-04 3.423706591129302979e-01 8.026253581047058105e-01 5.682533234357833862e-02 9.333332855021581054e-06 6.482626795768737793e-01 3.999999989900970832e-06 9.991679787635803223e-01
8.530026674270629883e-01 5.250920057296752930e-01 3.307746648788452148e-01 7.590906620025634766e-01 7.492733597755432129e-01 6.872413158416748047e-01 6.807266473770141602e-01 3.865639865398406982e-01
4.405973255634307861e-01 2.891519963741302490e-01 1.757253259420394897e-01 8.554306626319885254e-01 1.666933298110961914e-01 5.456013083457946777e-01 8.118146657943725586e-01 7.973293066024780273e-01
6.293466687202453613e-02 5.716639757156372070e-01 9.053466916084289551e-01 2.710759937763214111e-01 3.635999979451298714e-03 5.304413437843322754e-01 2.471999963745474815e-03 8.944173455238342285e-01
8.125306367874145508e-01 2.985239923000335693e-01 9.509159922599792480e-01 1.959933340549468994e-01 7.907599806785583496e-01 2.530906796455383301e-01 9.097986817359924316e-01 3.073173463344573975e-01
3.097933232784271240e-01 5.981813073158264160e-01 3.971093297004699707e-01 5.585079789161682129e-01 3.111546635627746582e-01 6.396706700325012207e-01 2.637346684932708740e-01 6.265586614608764648e-01
3.059026598930358887e-01 4.672186672687530518e-01 2.073026597499847412e-01 6.849866509437561035e-01 1.957613378763198853e-01 2.262826710939407349e-01 2.835440039634704590e-01 8.223080039024353027e-01
0.000000000000000000e+00 9.810559749603271484e-01 0.000000000000000000e+00 6.931466460227966309e-01 1.543626636266708374e-01 9.282826781272888184e-01 4.750533401966094971e-01 6.097066774964332581e-02
6.835466623306274414e-02 7.743999958038330078e-01 2.815053462982177734e-01 2.355333268642425537e-01 4.628133401274681091e-02 5.133079886436462402e-01 4.700666666030883789e-02 8.800186514854431152e-01
2.855519950389862061e-01 1.925200037658214569e-02 1.783493310213088989e-01 8.277693390846252441e-01 3.610000014305114746e-02 4.548866748809814453e-01 9.963186383247375488e-01 9.944186806678771973e-01
5.623786449432373047e-01 1.173573359847068787e-01 5.642386674880981445e-01 4.532093405723571777e-01 1.604173332452774048e-01 2.143306732177734375e-01 1.236866638064384460e-01 8.716066479682922363e-01
9.626266360282897949e-01 8.282439708709716797e-01 8.733386397361755371e-01 8.931879997253417969e-01 2.974680066108703613e-01 4.736520051956176758e-01 5.561599731445312500e-01 7.072813510894775391e-01
7.243093252182006836e-01 8.338293433189392090e-01 3.641866743564605713e-01 5.171599984169006348e-02 9.932146668434143066e-01 7.027413249015808105e-01 5.853946805000305176e-01 8.790533244609832764e-02
7.721760272979736328e-01 6.993973255157470703e-01 5.111906528472900391e-01 5.622853040695190430e-01 8.678866624832153320e-01 4.625586569309234619e-01 4.234413206577301025e-01 3.169253468513488770e-01
7.670586705207824707e-01 6.796773076057434082e-01 7.996079921722412109e-01 3.536120057106018066e-01 8.003733158111572266e-01 6.171000003814697266e-01 7.426426410675048828e-01 2.580693364143371582e-01
5.333546400070190430e-01 9.747639894485473633e-01 2.931066602468490601e-02 8.936586380004882812e-01 9.244679808616638184e-01 3.232546746730804443e-01 4.335959851741790771e-01 9.220132976770401001e-02
3.131626546382904053e-01 4.120720028877258301e-01 7.085719704627990723e-01 4.818759858608245850e-01 4.379960000514984131e-01 6.635733246803283691e-01 7.113973498344421387e-01 4.158639907836914062e-01
9.181360006332397461e-01 9.322680234909057617e-01 8.285160064697265625e-01 3.435133397579193115e-01 2.710079848766326904e-01 5.301213264465332031e-01 2.994773387908935547e-01 5.847200155258178711e-01
5.808519721031188965e-01 5.268226861953735352e-01 4.078426659107208252e-01 8.223839998245239258e-01 4.535506665706634521e-01 3.655786514282226562e-01 5.662519931793212891e-01 5.854840278625488281e-01
2.814826667308807373e-01 8.653373122215270996e-01 4.451106786727905273e-01 8.010039925575256348e-01 8.128906488418579102e-01 5.270199775695800781e-01 1.785960048437118530e-01 3.750759959220886230e-01
3.806693255901336670e-01 1.587386727333068848e-01 6.793293356895446777e-01 4.522480070590972900e-01 3.568159937858581543e-01 2.294573336839675903e-01 2.924613356590270996e-01 7.462013363838195801e-01
3.759466707706451416e-01 7.211346626281738281e-01 3.055333197116851807e-01 6.395800113677978516e-01 5.883066654205322266e-01 6.352573037147521973e-01 7.770813107490539551e-01 3.095813393592834473e-01
2.340333312749862671e-01 7.530040144920349121e-01 2.145439982414245605e-01 6.979346871376037598e-01 5.530480146408081055e-01 1.484106630086898804e-01 6.702160239219665527e-01 3.074613213539123535e-01
2.244186699390411377e-01 2.425333298742771149e-02 6.043666601181030273e-01 4.894933402538299561e-01 2.061466686427593231e-02 3.877226710319519043e-01 5.586933493614196777e-01 9.507200121879577637e-01
5.257359743118286133e-01 6.417306661605834961e-01 4.952999949455261230e-01 5.174386501312255859e-01 5.932213068008422852e-01 5.778813362121582031e-01 5.522800087928771973e-01 3.641813397407531738e-01
5.231373310089111328e-01 3.849079906940460205e-01 2.814866602420806885e-01 7.920573353767395020e-01 2.888320088386535645e-01 5.180599689483642578e-01 5.192919969558715820e-01 5.659386515617370605e-01
9.417560100555419922e-01 4.654240012168884277e-01 9.925693273544311523e-01 7.041333243250846863e-03 9.590479731559753418e-01 8.671559691429138184e-01 8.170560002326965332e-01 3.597333328798413277e-03
7.144479751586914062e-01 9.613360166549682617e-01 7.799639701843261719e-01 7.337333261966705322e-02 9.805160164833068848e-01 4.539986550807952881e-01 4.360440075397491455e-01 3.418133407831192017e-02
2.884426712989807129e-01 3.580186665058135986e-01 3.504920005798339844e-01 8.360480070114135742e-01 1.748439967632293701e-01 7.266186475753784180e-01 5.234426856040954590e-01 7.935466766357421875e-01
8.836533129215240479e-02 7.096906900405883789e-01 4.377733170986175537e-02 9.518520236015319824e-01 6.448133289813995361e-02 9.453319907188415527e-01 5.930586457252502441e-01 6.409106850624084473e-01
4.623120129108428955e-01 4.960493445396423340e-01 2.087106704711914062e-01 9.144999980926513672e-01 5.859653353691101074e-01 5.935933589935302734e-01 5.781800150871276855e-01 3.843800127506256104e-01
9.625520110130310059e-01 1.798399910330772400e-02 3.108586668968200684e-01 7.366386651992797852e-01 2.586426734924316406e-01 1.478106677532196045e-01 4.437919855117797852e-01 9.933373332023620605e-01
3.829546570777893066e-01 5.076706409454345703e-01 4.687480032444000244e-01 5.273280143737792969e-01 4.570586681365966797e-01 6.072599887847900391e-01 4.889386594295501709e-01 5.244786739349365234e-01
8.230666518211364746e-01 1.384133286774158478e-02 8.026493191719055176e-01 6.362720131874084473e-01 2.801333367824554443e-02 6.305706501007080078e-01 9.472213387489318848e-01 9.958440065383911133e-01
6.350839734077453613e-01 9.975933432579040527e-01 5.344319939613342285e-01 4.925786554813385010e-01 9.972146749496459961e-01 2.379893362522125244e-01 9.931786656379699707e-01 3.505333326756954193e-03
9.263866543769836426e-01 3.328853249549865723e-01 8.788546919822692871e-01 4.962599873542785645e-01 7.167013287544250488e-01 4.223479926586151123e-01 7.375506758689880371e-01 4.002119898796081543e-01
7.880346775054931641e-01 2.064639925956726074e-01 1.680160015821456909e-01 8.187266588211059570e-01 9.973573088645935059e-01 4.686026573181152344e-01 9.926693439483642578e-01 3.280000062659382820e-03
2.959786653518676758e-01 4.722026586532592773e-01 2.641600072383880615e-01 8.460613489151000977e-01 6.464306712150573730e-01 2.134226709604263306e-01 5.237386822700500488e-01 3.691079914569854736e-01
6.073026657104492188e-01 1.072026640176773071e-01 5.808706879615783691e-01 6.814479827880859375e-01 3.730666637420654297e-01 6.511880159378051758e-01 9.115493297576904297e-01 1.925453394651412964e-01
6.044213175773620605e-01 2.228653281927108765e-01 6.025933027267456055e-01 6.496986746788024902e-01 1.522533297538757324e-01 4.828626513481140137e-01 7.709519863128662109e-01 6.695986390113830566e-01
5.130026936531066895e-01 7.266813516616821289e-01 8.329893350601196289e-01 5.165093541145324707e-01 8.994626402854919434e-01 3.379413187503814697e-01 8.747466802597045898e-01 1.444266736507415771e-01
4.635133445262908936e-01 7.561253309249877930e-01 1.830546706914901733e-01 8.197546601295471191e-01 5.159573554992675781e-01 5.484626889228820801e-01 5.433480143547058105e-01 3.587479889392852783e-01
1.596213281154632568e-01 4.722386598587036133e-01 8.454000204801559448e-02 7.925586700439453125e-01 3.001626729965209961e-01 7.245653271675109863e-01 4.956186711788177490e-01 7.786426544189453125e-01
3.169173300266265869e-01 8.413866907358169556e-02 1.766133308410644531e-01 5.181373357772827148e-01 5.836933478713035583e-02 6.883093118667602539e-01 3.312306702136993408e-01 9.592626690864562988e-01
3.623200058937072754e-01 4.523346722126007080e-01 3.981613218784332275e-01 5.109546780586242676e-01 4.396986663341522217e-01 7.614346742630004883e-01 4.250266551971435547e-01 5.688426494598388672e-01
1.350933313369750977e-02 7.580546736717224121e-01 2.626039981842041016e-01 1.067466661334037781e-02 3.818799927830696106e-02 7.617826461791992188e-01 8.367200195789337158e-02 8.757159709930419922e-01
7.530666422098875046e-03 8.813506364822387695e-01 1.408666651695966721e-02 8.141279816627502441e-01 7.307999767363071442e-03 4.854840040206909180e-01 4.053866490721702576e-02 9.413399696350097656e-01
8.269386887550354004e-01 4.323733225464820862e-02 9.396786689758300781e-01 4.482093453407287598e-01 2.019933313131332397e-01 6.665946841239929199e-01 8.739133477210998535e-01 8.654626607894897461e-01
6.899120211601257324e-01 1.469133347272872925e-01 5.953559875488281250e-01 9.262306690216064453e-01 4.707959890365600586e-01 3.486720025539398193e-01 8.320426940917968750e-01 6.961386799812316895e-01
5.301039814949035645e-01 6.312413215637207031e-01 4.108079969882965088e-01 1.465493291616439819e-01 3.166506588459014893e-01 7.149346470832824707e-01 6.018986701965332031e-01 4.724319875240325928e-01
9.753173589706420898e-01 1.019866671413183212e-02 6.936386823654174805e-01 9.823426604270935059e-01 1.336800027638673782e-02 3.158400058746337891e-01 9.976986646652221680e-01 9.794466495513916016e-01
1.613200008869171143e-01 8.708173036575317383e-01 9.553506374359130859e-01 2.565333386883139610e-03 7.636799812316894531e-01 3.305946588516235352e-01 4.088053405284881592e-01 1.870013326406478882e-01
2.797666788101196289e-01 5.545333400368690491e-02 3.218546509742736816e-01 1.025879979133605957e-01 2.263586670160293579e-01 2.983399927616119385e-01 9.449973106384277344e-01 9.544426798820495605e-01
1.633093357086181641e-01 8.793013095855712891e-01 2.665066719055175781e-01 4.634599983692169189e-01 4.879919886589050293e-01 6.193040013313293457e-01 1.636893302202224731e-01 1.674293279647827148e-01
2.506933212280273438e-01 7.161826491355895996e-01 3.295666575431823730e-01 6.101533174514770508e-01 2.607893347740173340e-01 5.209800004959106445e-01 2.699293196201324463e-01 7.266799807548522949e-01
2.850026786327362061e-01 1.989613324403762817e-01 3.852039873600006104e-01 7.035306692123413086e-01 1.451333314180374146e-01 2.962119877338409424e-01 5.604159832000732422e-01 8.864093422889709473e-01
0.000000000000000000e+00 9.051200151443481445e-01 0.000000000000000000e+00 0.000000000000000000e+00 0.000000000000000000e+00 7.329333107918500900e-03 0.000000000000000000e+00 1.000000000000000000e+00
8.334266543388366699e-01 4.448453187942504883e-01 6.132000125944614410e-03 9.944866895675659180e-01 3.790879845619201660e-01 6.997493505477905273e-01 9.377440214157104492e-01 9.930786490440368652e-01
5.778813362121582031e-01 4.267959892749786377e-01 4.190546572208404541e-01 8.001679778099060059e-01 3.644053339958190918e-01 3.591159880161285400e-01 6.797733306884765625e-01 4.296759963035583496e-01
7.689239978790283203e-01 5.247280001640319824e-01 8.916559815406799316e-01 2.190759927034378052e-01 8.727480173110961914e-01 5.323146581649780273e-01 7.646493315696716309e-01 2.473639994859695435e-01
9.599826931953430176e-01 5.044133216142654419e-02 5.350306630134582520e-01 1.034933328628540039e-01 4.980320036411285400e-01 4.304800033569335938e-01 2.559066750109195709e-02 9.987919926643371582e-01
2.796653211116790771e-01 3.839973211288452148e-01 7.779067009687423706e-02 5.074893236160278320e-01 6.045640110969543457e-01 6.525026559829711914e-01 7.189840078353881836e-01 4.196453392505645752e-01
4.236813187599182129e-01 8.534586429595947266e-01 5.317839980125427246e-01 9.997879862785339355e-01 9.958666749298572540e-03 7.655973434448242188e-01 1.236800011247396469e-02 9.224293231964111328e-01
4.644933342933654785e-02 8.223333209753036499e-02 9.531559944152832031e-01 1.088453307747840881e-01 2.988866567611694336e-01 6.868946552276611328e-01 4.396813213825225830e-01 7.458973526954650879e-01
4.174533486366271973e-02 1.844626665115356445e-01 1.273986697196960449e-01 7.960893511772155762e-01 6.654799729585647583e-02 5.987613201141357422e-01 4.132666811347007751e-02 9.297866821289062500e-01
9.849333018064498901e-02 6.022426486015319824e-01 7.639999967068433762e-03 8.540226817131042480e-01 8.253333158791065216e-03 6.736226677894592285e-01 1.395786702632904053e-01 9.918280243873596191e-01
7.689253091812133789e-01 5.181693434715270996e-01 8.023546934127807617e-01 2.196626663208007812e-01 7.925946712493896484e-01 6.214640140533447266e-01 4.852600097656250000e-01 4.408346712589263916e-01
9.121053218841552734e-01 3.726319968700408936e-01 8.000133037567138672e-01 8.724933117628097534e-02 8.174546360969543457e-01 2.282586693763732910e-01 2.693066745996475220e-02 8.598666787147521973e-01
2.500399947166442871e-01 6.767426729202270508e-01 7.966800034046173096e-02 6.471840143203735352e-01 4.738799929618835449e-01 8.918160200119018555e-01 4.868080019950866699e-01 4.850586652755737305e-01
8.657493591308593750e-01 2.290933281183242798e-01 3.290039896965026855e-01 7.664626836776733398e-01 6.211093068122863770e-01 3.974080085754394531e-01 9.102026820182800293e-01 5.227546691894531250e-01
1.178173348307609558e-01 5.082640051841735840e-01 6.976666301488876343e-02 1.383679956197738647e-01 5.025399923324584961e-01 5.269266366958618164e-01 2.382533252239227295e-02 7.692093253135681152e-01
2.724786698818206787e-01 9.328960180282592773e-01 7.559520006179809570e-01 6.690133213996887207e-01 1.016919985413551331e-01 8.470573425292968750e-01 4.186666628811508417e-04 6.363239884376525879e-01
9.192013144493103027e-01 8.028799891471862793e-01 9.330933094024658203e-01 7.250426411628723145e-01 9.513906836509704590e-01 3.896520137786865234e-01 2.505413293838500977e-01 3.053480088710784912e-01
2.948026657104492188e-01 9.577599763870239258e-01 2.295626699924468994e-01 5.618879795074462891e-01 9.053999781608581543e-01 3.788160085678100586e-01 9.689599871635437012e-01 4.177333414554595947e-02
4.945546686649322510e-01 8.264279961585998535e-01 7.247733324766159058e-02 9.940893054008483887e-01 7.288119792938232422e-01 4.841373264789581299e-01 5.923253297805786133e-01 3.665106594562530518e-01
5.787706375122070312e-01 5.692586898803710938e-01 4.012840092182159424e-01 6.037840247154235840e-01 5.791440010070800781e-01 2.407973259687423706e-01 6.164960265159606934e-01 4.329453408718109131e-01
7.662373185157775879e-01 6.959800124168395996e-01 8.442400097846984863e-01 6.229066476225852966e-02 9.774613380432128906e-01 6.887493133544921875e-01 8.128960132598876953e-01 6.570266932249069214e-02
4.707853198051452637e-01 7.835919857025146484e-01 2.150133252143859863e-02 6.721720099449157715e-01 7.538466453552246094e-01 3.070066571235656738e-01 6.784999966621398926e-01 1.634359955787658691e-01
2.409253269433975220e-01 4.134320020675659180e-01 2.815786600112915039e-01 6.652946472167968750e-01 4.179573357105255127e-01 6.090373396873474121e-01 5.819533467292785645e-01 5.943533182144165039e-01
1.258960068225860596e-01 2.615573406219482422e-01 1.247719973325729370e-01 7.318000197410583496e-01 3.401333466172218323e-02 1.432413309812545776e-01 3.240746557712554932e-01 9.991506934165954590e-01
9.263773560523986816e-01 2.872933447360992432e-01 6.118146777153015137e-01 9.978439807891845703e-01 1.439319998025894165e-01 6.017479896545410156e-01 6.644600033760070801e-01 9.095000028610229492e-01
3.983879983425140381e-01 3.597066700458526611e-01 2.091493308544158936e-01 7.800946831703186035e-01 3.144666552543640137e-01 5.062839984893798828e-01 4.840426743030548096e-01 6.518493294715881348e-01
8.337266445159912109e-01 1.134959980845451355e-01 4.267906546592712402e-01 9.808013439178466797e-01 1.315613389015197754e-01 6.572893261909484863e-01 9.728266596794128418e-01 9.713413119316101074e-01
7.412613034248352051e-01 3.542746603488922119e-01 3.573293387889862061e-01 7.845626473426818848e-01 5.162173509597778320e-01 3.851786553859710693e-01 6.686959862709045410e-01 6.207973361015319824e-01
7.274506688117980957e-01 8.851853013038635254e-01 5.427813529968261719e-01 7.841626405715942383e-01 4.531973302364349365e-01 4.626359939575195312e-01 5.648466944694519043e-01 2.331759929656982422e-01
9.984213113784790039e-01 1.990039944648742676e-01 8.297946453094482422e-01 2.633626759052276611e-01 6.001066565513610840e-01 3.746693432331085205e-01 5.776453614234924316e-01 8.082426786422729492e-01
6.597319841384887695e-01 4.157946705818176270e-01 2.152439951896667480e-01 8.932746648788452148e-01 6.024066805839538574e-01 2.698786556720733643e-01 8.259106874465942383e-01 5.569559931755065918e-01
8.568666577339172363e-01 9.634453058242797852e-01 7.818440198898315430e-01 9.375626444816589355e-01 1.339640021324157715e-01 3.235613405704498291e-01 3.570933267474174500e-02 7.142813205718994141e-01
1.150600016117095947e-01 1.000000000000000000e+00 3.877066820859909058e-02 9.946479797363281250e-01 1.280746608972549438e-01 9.688919782638549805e-01 6.137346625328063965e-01 1.414266694337129593e-02
7.507146596908569336e-01 9.525786638259887695e-01 6.303413510322570801e-01 1.920226663351058960e-01 5.068813562393188477e-01 6.337559819221496582e-01 7.725826501846313477e-01 1.033480018377304077e-01
1.864786595106124878e-01 2.195866703987121582e-01 2.038973271846771240e-01 7.797786593437194824e-01 1.185920014977455139e-01 4.788226783275604248e-01 5.998399853706359863e-01 9.316840171813964844e-01
5.913253426551818848e-01 2.071373313665390015e-01 9.301599860191345215e-01 3.376359939575195312e-01 2.797053456306457520e-01 3.025466799736022949e-01 7.973213195800781250e-01 5.450413227081298828e-01
3.608786761760711670e-01 3.202293217182159424e-01 4.256680011749267578e-01 3.042386770248413086e-01 5.749706625938415527e-01 5.376546382904052734e-01 5.514586567878723145e-01 3.873333334922790527e-01
7.339999824762344360e-02 1.437373310327529907e-01 8.113986849784851074e-01 3.143253326416015625e-01 3.691053390502929688e-01 7.117733359336853027e-01 2.400826662778854370e-01 7.978306412696838379e-01
5.725266933441162109e-01 2.789439857006072998e-01 2.495853304862976074e-01 2.939986586570739746e-01 1.120666638016700745e-01 4.439293444156646729e-01 4.660773277282714844e-01 8.235226869583129883e-01
8.658813238143920898e-01 4.482933282852172852e-01 8.391186594963073730e-01 6.961466372013092041e-02 9.610786437988281250e-01 2.620733380317687988e-01 6.388760209083557129e-01 5.657200142741203308e-02
8.250933140516281128e-02 8.211986422538757324e-01 4.961986541748046875e-01 7.167066633701324463e-02 8.772533386945724487e-02 4.903586506843566895e-01 9.935866296291351318e-02 9.088640213012695312e-01
7.391266822814941406e-01 5.681533217430114746e-01 1.945386677980422974e-01 3.841866552829742432e-01 5.955413579940795898e-01 6.166039705276489258e-01 7.763266563415527344e-01 2.998439967632293701e-01
8.202413320541381836e-01 4.570666700601577759e-02 7.936040163040161133e-01 6.267693042755126953e-01 2.131933271884918213e-01 3.090066611766815186e-01 9.164866805076599121e-01 9.032373428344726562e-01
4.326133430004119873e-01 2.456253319978713989e-01 2.161079943180084229e-01 8.632959723472595215e-01 2.700306773185729980e-01 2.372986674308776855e-01 1.255266666412353516e-01 8.353919982910156250e-01
6.037106513977050781e-01 3.478373289108276367e-01 4.443746507167816162e-01 6.174546480178833008e-01 6.154159903526306152e-01 2.231866717338562012e-01 7.981533408164978027e-01 6.064893603324890137e-01
9.086719751358032227e-01 6.589613556861877441e-01 3.604986667633056641e-01 6.707146763801574707e-01 9.847319722175598145e-01 7.594346404075622559e-01 7.627159953117370605e-01 3.681919872760772705e-01
2.358093261718750000e-01 7.261133193969726562e-01 6.861493587493896484e-01 4.640826582908630371e-01 4.161626696586608887e-01 3.236786723136901855e-01 1.303493380546569824e-01 3.895240128040313721e-01
4.761333465576171875e-01 5.304253101348876953e-01 8.273866772651672363e-01 7.960373163223266602e-01 7.048266530036926270e-01 4.961093366146087646e-01 4.005439877510070801e-01 6.036000251770019531e-01
5.057746767997741699e-01 2.929680049419403076e-01 1.993640065193176270e-01 6.696293354034423828e-01 5.901346802711486816e-01 6.327026486396789551e-01 9.114133119583129883e-01 5.323320031166076660e-01
6.516346931457519531e-01 9.852293133735656738e-01 1.573493331670761108e-01 9.204426407814025879e-01 9.113013148307800293e-01 4.561693370342254639e-01 1.416613310575485229e-01 6.986133009195327759e-02
4.118173420429229736e-01 3.855973184108734131e-01 7.632626891136169434e-01 1.507640033960342407e-01 5.210400223731994629e-01 6.869213581085205078e-01 2.591800093650817871e-01 6.548293232917785645e-01
0.000000000000000000e+00 8.997053503990173340e-01 3.391733393073081970e-02 8.025839924812316895e-01 0.000000000000000000e+00 2.965413331985473633e-01 2.202000021934509277e-01 8.823213577270507812e-01
4.968706667423248291e-01 3.833560049533843994e-01 8.119480013847351074e-01 1.106799989938735962e-01 7.929866909980773926e-01 6.972400099039077759e-02 7.808973193168640137e-01 2.433120012283325195e-01
5.638146400451660156e-01 2.923280000686645508e-01 7.038639783859252930e-01 1.483213305473327637e-01 4.595773220062255859e-01 4.072760045528411865e-01 3.928746581077575684e-01 6.372106671333312988e-01
5.122666712850332260e-03 4.156466722488403320e-01 1.000000000000000000e+00 0.000000000000000000e+00 7.220000028610229492e-03 2.395066618919372559e-02 3.318666713312268257e-03 9.567386507987976074e-01
7.505866885185241699e-01 1.359719932079315186e-01 3.230639994144439697e-01 6.338293552398681641e-01 2.937040030956268311e-01 3.950506746768951416e-01 8.437213301658630371e-01 8.488706350326538086e-01
1.498546600341796875e-01 9.573680162429809570e-01 6.225199997425079346e-02 5.052986741065979004e-01 8.753386735916137695e-01 5.598546862602233887e-01 1.283919960260391235e-01 7.687599956989288330e-02
7.236266732215881348e-01 9.944666624069213867e-01 4.039453268051147461e-01 7.306386828422546387e-01 9.989706873893737793e-01 6.554226875305175781e-01 1.179440021514892578e-01 4.780533164739608765e-02
5.772439837455749512e-01 8.692933619022369385e-02 2.181733399629592896e-01 5.740986466407775879e-01 9.790533035993576050e-02 7.045946717262268066e-01 8.517599850893020630e-02 9.319373369216918945e-01
1.663866639137268066e-01 6.817533373832702637e-01 1.476919949054718018e-01 9.729626774787902832e-01 4.046573340892791748e-01 2.339893281459808350e-01 3.505919873714447021e-01 5.296226739883422852e-01
8.177666664123535156e-01 8.194186687469482422e-01 2.080000005662441254e-02 9.146239757537841797e-01 9.907493591308593750e-01 3.007133305072784424e-01 3.480466604232788086e-01 7.295479774475097656e-01
2.197013348340988159e-01 5.067266821861267090e-01 2.342533320188522339e-01 4.282039999961853027e-01 2.774519920349121094e-01 4.518266618251800537e-01 2.363053262233734131e-01 7.432573437690734863e-01
2.874960005283355713e-01 6.238000094890594482e-02 3.677200153470039368e-02 8.984146714210510254e-01 1.790826618671417236e-01 4.211946725845336914e-01 9.831960201263427734e-01 9.722093343734741211e-01
2.765800058841705322e-01 8.443733304738998413e-02 5.515679717063903809e-01 9.061026573181152344e-01 2.387266606092453003e-01 8.179280161857604980e-01 1.551813334226608276e-01 9.148079752922058105e-01
8.318826556205749512e-01 1.039599999785423279e-01 6.850933432579040527e-01 2.660106718540191650e-01 8.996426463127136230e-01 3.322933316230773926e-01 9.757266640663146973e-01 3.573213219642639160e-01
2.347346693277359009e-01 5.811386704444885254e-01 4.888106584548950195e-01 2.716053426265716553e-01 3.788453340530395508e-01 5.151199698448181152e-01 2.787173390388488770e-01 5.429053306579589844e-01
5.753920078277587891e-01 9.556000232696533203e-01 6.327493190765380859e-01 1.028733327984809875e-01 1.278013288974761963e-01 9.066919684410095215e-01 1.190946698188781738e-01 8.263720273971557617e-01
9.687079787254333496e-01 1.705866679549217224e-02 5.743266940116882324e-01 3.325293362140655518e-01 6.014653444290161133e-01 2.282840013504028320e-01 4.055266678333282471e-01 7.192760109901428223e-01
4.672333300113677979e-01 8.334426879882812500e-01 1.648826599121093750e-01 6.939613223075866699e-01 7.800080180168151855e-01 5.600826740264892578e-01 4.495213329792022705e-01 1.635506600141525269e-01
1.200200021266937256e-01 9.330546855926513672e-01 8.283733576536178589e-02 9.882306456565856934e-01 1.913333386182785034e-01 7.810466885566711426e-01 2.047279924154281616e-01 6.718893051147460938e-01
2.113866657018661499e-01 4.807440042495727539e-01 7.409560084342956543e-01 1.479293256998062134e-01 4.433386623859405518e-01 3.234426677227020264e-01 3.599733412265777588e-01 5.225920081138610840e-01
3.116373419761657715e-01 8.747173547744750977e-01 3.037693202495574951e-01 8.336746692657470703e-01 1.204866692423820496e-01 8.562533557415008545e-02 5.726506710052490234e-01 9.002746939659118652e-01
2.874079942703247070e-01 7.333506941795349121e-01 2.795453369617462158e-01 8.195106387138366699e-01 4.212133213877677917e-02 6.918640136718750000e-01 1.919413357973098755e-01 7.380520105361938477e-01
8.460080027580261230e-01 6.758666783571243286e-02 9.435933232307434082e-01 6.461520195007324219e-01 6.962573528289794922e-01 6.958973407745361328e-01 7.484653592109680176e-01 4.948453307151794434e-01
1.168520003557205200e-01 4.039026796817779541e-01 1.497759968042373657e-01 8.559146523475646973e-01 3.904933482408523560e-02 5.153693556785583496e-01 5.159693360328674316e-01 9.564200043678283691e-01
7.625986933708190918e-01 7.160706520080566406e-01 3.250800073146820068e-01 6.326333284378051758e-01 9.349773526191711426e-01 7.691159844398498535e-01 4.365639984607696533e-01 1.909893304109573364e-01
8.448839783668518066e-01 6.359999626874923706e-02 2.593706548213958740e-01 9.905800223350524902e-01 2.014053314924240112e-01 4.918093383312225342e-01 4.805613458156585693e-01 9.274706840515136719e-01
8.734480142593383789e-01 4.365359842777252197e-01 6.081746816635131836e-01 7.032986879348754883e-01 4.352346658706665039e-01 6.190773248672485352e-01 4.094240069389343262e-01 7.642186880111694336e-01
4.292599856853485107e-01 7.486373186111450195e-01 2.439613342285156250e-01 4.299186766147613525e-01 7.360280156135559082e-01 7.107200026512145996e-01 3.756053447723388672e-01 2.562839984893798828e-01
9.960613250732421875e-01 6.588919758796691895e-01 9.885773062705993652e-01 8.445640206336975098e-01 2.370133250951766968e-02 6.120119690895080566e-01 6.656933575868606567e-02 9.844359755516052246e-01
2.093733288347721100e-02 7.923160195350646973e-01 1.491466630250215530e-02 6.860093474388122559e-01 1.265733316540718079e-02 3.561346530914306641e-01 5.690933391451835632e-02 8.245866894721984863e-01
9.928133338689804077e-02 3.031960129737854004e-01 1.261706650257110596e-01 5.298666656017303467e-03 4.352639913558959961e-01 3.334960043430328369e-01 8.612693548202514648e-01 6.398866772651672363e-01
3.516053259372711182e-01 8.878880143165588379e-01 1.613266617059707642e-01 7.872626781463623047e-01 6.708786487579345703e-01 2.988213300704956055e-01 1.255333274602890015e-01 3.745400011539459229e-01
4.368453323841094971e-01 6.060919761657714844e-01 1.222893297672271729e-01 9.142439961433410645e-01 2.549813389778137207e-01 2.655693292617797852e-01 9.841039776802062988e-01 3.562720119953155518e-01
9.853879809379577637e-01 3.595346510410308838e-01 9.432319998741149902e-01 7.073360085487365723e-01 8.034866452217102051e-01 6.573039889335632324e-01 8.193320035934448242e-01 2.376693338155746460e-01
4.551733434200286865e-01 4.427946507930755615e-01 3.919493257999420166e-01 8.178546428680419922e-01 4.170866608619689941e-01 2.267719954252243042e-01 1.986200064420700073e-01 7.794839739799499512e-01
6.979106664657592773e-01 5.188453197479248047e-01 3.792653381824493408e-01 3.347960114479064941e-01 3.829439878463745117e-01 6.092559695243835449e-01 2.997093200683593750e-01 6.758760213851928711e-01
6.652506589889526367e-01 5.586239695549011230e-01 4.096199870109558105e-01 8.615826368331909180e-01 4.501626789569854736e-01 5.439879894256591797e-01 6.286026835441589355e-01 6.367333531379699707e-01
2.019973397254943848e-01 6.971759796142578125e-01 8.292853236198425293e-01 6.650400161743164062e-02 7.437306642532348633e-01 6.855466365814208984e-01 1.143559962511062622e-01 6.299013495445251465e-01
1.131599955260753632e-02 6.775159835815429688e-01 3.744266629219055176e-01 6.208320260047912598e-01 5.613399744033813477e-01 4.201253354549407959e-01 6.311026811599731445e-01 3.211120069026947021e-01
6.056546568870544434e-01 9.143106937408447266e-01 4.722639918327331543e-01 4.821720123291015625e-01 9.170439839363098145e-01 3.945613205432891846e-01 9.319067001342773438e-02 9.247066825628280640e-02
4.957786798477172852e-01 4.081506729125976562e-01 5.424053072929382324e-01 3.807253241539001465e-01 6.135146617889404297e-01 5.798266530036926270e-01 6.717026829719543457e-01 4.015960097312927246e-01
8.133333176374435425e-05 8.708840012550354004e-01 6.503386497497558594e-01 5.154666490852832794e-03 2.634906768798828125e-01 7.265893220901489258e-01 3.165333345532417297e-02 1.873653382062911987e-01
3.894399851560592651e-02 6.033653020858764648e-01 2.148266695439815521e-02 7.905880212783813477e-01 4.335200041532516479e-02 5.865413546562194824e-01 5.445466563105583191e-02 9.260986447334289551e-01
9.306133538484573364e-02 5.027253031730651855e-01 2.115799933671951294e-01 7.079506516456604004e-01 3.969720005989074707e-01 8.762586712837219238e-01 4.043546617031097412e-01 5.896133184432983398e-01
6.811040043830871582e-01 7.156786918640136719e-01 8.449613451957702637e-01 1.328933387994766235e-01 7.047893404960632324e-01 3.507519960403442383e-01 7.577693462371826172e-01 1.764840036630630493e-01
2.785133421421051025e-01 9.838119745254516602e-01 3.300026655197143555e-01 9.405333548784255981e-03 8.460413217544555664e-01 9.219146370887756348e-01 3.340440094470977783e-01 9.669466316699981689e-02
4.928653240203857422e-01 3.092493414878845215e-01 5.745013356208801270e-01 1.329466700553894043e-01 5.050706863403320312e-01 2.188626676797866821e-01 5.469973087310791016e-01 5.108439922332763672e-01
6.838160157203674316e-01 4.725266695022583008e-01 7.195253372192382812e-01 8.431026935577392578e-01 9.672546386718750000e-01 6.103453040122985840e-01 5.092906355857849121e-01 1.707213371992111206e-01
3.973626792430877686e-01 7.395480275154113770e-01 3.657573461532592773e-01 6.964520215988159180e-01 7.071706652641296387e-01 4.837799966335296631e-01 7.159759998321533203e-01 2.494280040264129639e-01
4.487760066986083984e-01 3.152413368225097656e-01 7.193266749382019043e-01 2.953786551952362061e-01 3.707773387432098389e-01 5.736573338508605957e-01 2.407639920711517334e-01 7.804826498031616211e-01
4.212106764316558838e-01 2.692613303661346436e-01 5.822439789772033691e-01 3.215266764163970947e-01 4.687066674232482910e-01 4.941653311252593994e-01 6.838719844818115234e-01 6.106733083724975586e-01
