3.000000119209289551e-01
3.124814033508300781e-01
3.254820704460144043e-01
3.390236496925354004e-01
3.531285822391510010e-01
3.678203821182250977e-01
3.831234276294708252e-01
3.990631401538848877e-01
4.156660139560699463e-01
4.329596459865570068e-01
4.509727954864501953e-01
4.697353541851043701e-01
4.892785251140594482e-01
5.096347928047180176e-01
5.308379530906677246e-01
5.529232621192932129e-01
5.759274363517761230e-01
5.998887419700622559e-01
6.248468756675720215e-01
6.508433818817138672e-01
6.779215335845947266e-01
7.061262130737304688e-01
7.355043292045593262e-01
7.661047577857971191e-01
7.979782223701477051e-01
8.311778306961059570e-01
8.657587170600891113e-01
9.017782807350158691e-01
9.392964839935302734e-01
9.783755540847778320e-01
1.019080519676208496e+00
1.061478972434997559e+00
1.105641484260559082e+00
1.151641249656677246e+00
1.199554920196533203e+00
1.249462008476257324e+00
1.301445364952087402e+00
1.355591535568237305e+00
1.411990523338317871e+00
1.470735788345336914e+00
1.531925320625305176e+00
1.595660448074340820e+00
1.662047386169433594e+00
1.731196284294128418e+00
1.803222060203552246e+00
1.878244519233703613e+00
1.956388235092163086e+00
2.037783145904541016e+00
2.122564315795898438e+00
2.210872888565063477e+00
2.302855491638183594e+00
2.398664951324462891e+00
2.498460531234741211e+00
2.602407932281494141e+00
2.710680246353149414e+00
2.823457241058349609e+00
2.940926074981689453e+00
3.063282251358032227e+00
3.190729141235351562e+00
3.323478221893310547e+00
3.461750507354736328e+00
3.605775356292724609e+00
3.755792379379272461e+00
3.912050724029541016e+00
4.074810028076171875e+00
4.244341373443603516e+00
4.420925617218017578e+00
4.604856491088867188e+00
4.796440124511718750e+00
4.995994091033935547e+00
5.203850746154785156e+00
5.420355319976806641e+00
5.645866870880126953e+00
5.880761623382568359e+00
6.125428199768066406e+00
6.380274772644042969e+00
6.645723819732666016e+00
6.922216892242431641e+00
7.210213184356689453e+00
7.510191440582275391e+00
7.822650432586669922e+00
8.148108482360839844e+00
8.487108230590820312e+00
8.840210914611816406e+00
9.208004951477050781e+00
9.591100692749023438e+00
9.990135192871093750e+00
1.040577125549316406e+01
1.083869934082031250e+01
1.128963947296142578e+01
1.175934123992919922e+01
1.224858474731445312e+01
1.275818252563476562e+01
1.328898239135742188e+01
1.384186553955078125e+01
1.441775131225585938e+01
1.501759719848632812e+01
1.564239883422851562e+01
1.629319572448730469e+01
1.697106742858886719e+01
1.767714309692382812e+01
1.841259384155273438e+01
1.917864418029785156e+01
1.997656440734863281e+01
2.080768203735351562e+01
2.167337799072265625e+01
2.257509231567382812e+01
2.351432037353515625e+01
2.449262619018554688e+01
2.551163291931152344e+01
2.657303619384765625e+01
2.767859649658203125e+01
2.883015441894531250e+01
3.002962303161621094e+01
3.127899551391601562e+01
3.258034515380859375e+01
3.393584060668945312e+01
3.534772872924804688e+01
3.681835937500000000e+01
3.835017395019531250e+01
3.994572067260742188e+01
4.160764694213867188e+01
4.333871841430664062e+01
4.514181137084960938e+01
4.701992034912109375e+01
4.897616577148437500e+01
5.101380157470703125e+01
5.313621520996093750e+01
5.534692764282226562e+01
5.764961624145507812e+01
6.004810714721679688e+01
6.254638671875000000e+01
6.514860534667968750e+01
6.785909271240234375e+01
7.068235015869140625e+01
7.362306213378906250e+01
7.668611907958984375e+01
7.987662506103515625e+01
8.319985961914062500e+01
8.666136169433593750e+01
9.026687622070312500e+01
9.402239990234375000e+01
9.793416595458984375e+01
1.020086822509765625e+02
1.062527160644531250e+02
1.106733245849609375e+02
1.152778472900390625e+02
1.200739440917968750e+02
1.250695724487304688e+02
1.302730560302734375e+02
1.356930084228515625e+02
1.413384704589843750e+02
1.472188110351562500e+02
1.533437957763671875e+02
1.597236175537109375e+02
1.663688507080078125e+02
1.732905731201171875e+02
1.805002746582031250e+02
1.880099182128906250e+02
1.958320007324218750e+02
2.039795227050781250e+02
2.124660186767578125e+02
2.213055877685546875e+02
2.305129394531250000e+02
2.401033477783203125e+02
2.500927581787109375e+02
2.604977722167968750e+02
2.713356933593750000e+02
2.826245117187500000e+02
2.943830261230468750e+02
3.066307067871093750e+02
3.193879699707031250e+02
3.326759948730468750e+02
3.465168762207031250e+02
3.609335937500000000e+02
3.759501037597656250e+02
3.915913696289062500e+02
4.078833923339843750e+02
4.248532409667968750e+02
4.425291137695312500e+02
4.609403686523437500e+02
4.801176147460937500e+02
5.000927429199218750e+02
5.208989257812500000e+02
5.425707397460937500e+02
5.651442260742187500e+02
5.886568603515625000e+02
6.131477050781250000e+02
6.386574707031250000e+02
6.652286376953125000e+02
6.929052124023437500e+02
7.217332763671875000e+02
7.517607421875000000e+02
7.830374755859375000e+02
8.156154785156250000e+02
8.495488891601562500e+02
8.848940429687500000e+02
9.217097778320312500e+02
9.600571899414062500e+02
1.000000000000000000e+03
