10 9.347046e+01 3.585633e+01 7151.7294623408725 
10 7.391439e+01 2.385652e+01 2020.562839642437 
10 7.428718e+01 2.325647e+01 3011.0514883549895 
20 8.075900e+01 2.825890e+01 2181.1195397896504 
20 8.092450e+01 2.811141e+01 1255.7818657431737 
20 8.370508e+01 2.972714e+01 1239.9510100460327 
40 8.751739e+01 3.233652e+01 1069.5482159072578 
40 9.916915e+01 3.858340e+01 1027.4801836655074 
40 9.967476e+01 3.448560e+01 1016.0381881840642 
80 1.165151e+02 4.547485e+01 992.2294376879235 
80 1.192230e+02 4.056973e+01 1008.9685093727079 
80 1.366680e+02 5.013894e+01 998.2317623879204 
