10 1.097739e+02 3.292416e+01 
10 1.005941e+02 2.917630e+01 
10 9.939841e+01 2.917853e+01 
20 1.127121e+02 3.532195e+01 
20 1.150821e+02 3.349520e+01 
20 1.192754e+02 3.377923e+01 
40 1.371721e+02 3.793228e+01 
40 1.499273e+02 3.697445e+01 
40 1.638465e+02 3.715283e+01 
#60 2.005384e+02 4.689321e+01 
#60 2.225370e+02 4.356061e+01 
#60 2.463365e+02 4.420523e+01 
10 1.097408e+02 3.381475e+01 
10 9.923209e+01 2.773192e+01 
10 9.840634e+01 2.781304e+01 
20 1.109843e+02 3.480057e+01 
20 1.129448e+02 3.275018e+01 
20 1.173869e+02 3.241933e+01 
40 1.352857e+02 3.594994e+01 
40 1.485029e+02 3.541304e+01 
40 1.629976e+02 3.596004e+01 
80 2.081406e+02 4.709653e+01 
80 2.380475e+02 4.421152e+01 
