1.417150020599365234e+00 4.993213272094726562e+01 4.501300454139709473e-01 1.342411994934082031e+00 1.570097923278808594e+00 2.202826261520385742e+00 -9.462003707885742188e-01 -4.540014266967773438e-01
6.552317142486572266e-01 5.360476303100585938e+01 1.282909214496612549e-01 2.399320602416992188e+00 -1.012344360351562500e-01 2.335176706314086914e+00 -3.806537151336669922e+00 -1.864605903625488281e+00
8.621552586555480957e-01 5.490274429321289062e+01 5.126240849494934082e-01 3.063548803329467773e+00 -1.936845779418945312e-01 2.911618709564208984e+00 -3.946082115173339844e+00 -3.019603729248046875e+00
8.333315253257751465e-01 4.935581207275390625e+01 6.175927519798278809e-01 2.444055318832397461e+00 -9.342803955078125000e-01 2.029267311096191406e+00 -2.940737247467041016e+00 -2.416908264160156250e+00
6.933786273002624512e-01 5.579871368408203125e+01 1.737762093544006348e-01 2.176491498947143555e+00 -3.169709205627441406e+00 2.825475692749023438e+00 -1.991710662841796875e-01 -5.789736747741699219e+00
1.056814908981323242e+00 5.254138946533203125e+01 3.982613682746887207e-01 2.188324034214019775e-01 -9.638090133666992188e-01 2.427594900131225586e+00 -2.274928569793701172e+00 -7.198562622070312500e-01
3.153060972690582275e-01 5.210317993164062500e+01 2.867838442325592041e-01 8.748294115066528320e-01 1.942470550537109375e+00 2.741398811340332031e+00 -2.935368061065673828e+00 -5.792503356933593750e+00
7.979016900062561035e-01 5.085933685302734375e+01 1.799900531768798828e-01 3.463004231452941895e-01 -1.005964279174804688e-01 2.568050861358642578e+00 -2.085450649261474609e+00 -3.750563621520996094e+00
1.401245474815368652e+00 5.541176605224609375e+01 3.117204271256923676e-02 1.355501294136047363e+00 -2.862967491149902344e+00 2.846454143524169922e+00 -1.946544647216796875e+00 -2.640437126159667969e+00
2.836432158946990967e-01 4.840363693237304688e+01 1.074241101741790771e-01 2.899472951889038086e+00 -2.854985237121582031e+00 2.484925270080566406e+00 -1.547474861145019531e-01 -2.649240493774414062e+00
