6.605386734008789062e-01 1.404053270816802979e-01 4.190306663513183594e-01 7.158280014991760254e-01 1.755266636610031128e-01 4.237533211708068848e-01 8.268666863441467285e-01 8.484506607055664062e-01
1.019866671413183212e-02 8.742746710777282715e-01 2.155999885872006416e-03 8.619226813316345215e-01 1.249839961528778076e-01 1.807946711778640747e-01 3.210800141096115112e-02 8.162840008735656738e-01
8.797146677970886230e-01 9.686653017997741699e-01 7.456826567649841309e-01 8.414480090141296387e-01 9.319746494293212891e-01 6.512426733970642090e-01 2.686173319816589355e-01 4.996800050139427185e-02
9.124426841735839844e-01 1.754466593265533447e-01 9.457119703292846680e-01 6.593239903450012207e-01 8.369920253753662109e-01 1.357920020818710327e-01 5.025853514671325684e-01 6.173226833343505859e-01
5.154413580894470215e-01 6.217866539955139160e-01 1.446973383426666260e-01 9.436720013618469238e-01 4.620813429355621338e-01 4.545519948005676270e-01 4.975093305110931396e-01 5.722759962081909180e-01
3.860400021076202393e-01 8.017200231552124023e-02 8.278066515922546387e-01 8.909333497285842896e-03 3.702079951763153076e-01 2.524999976158142090e-01 8.835546374320983887e-01 8.168640136718750000e-01
6.462546586990356445e-01 8.439319729804992676e-01 8.744853138923645020e-01 1.881386637687683105e-01 9.910906553268432617e-01 6.544733047485351562e-01 1.816186606884002686e-01 2.858386635780334473e-01
4.682573378086090088e-01 6.823639869689941406e-01 9.385853409767150879e-01 1.039199978113174438e-01 7.172120213508605957e-01 2.114640027284622192e-01 4.052599966526031494e-01 3.215853273868560791e-01
7.507906556129455566e-01 5.362533330917358398e-01 1.309200003743171692e-02 6.369133591651916504e-01 9.723733067512512207e-01 5.144373178482055664e-01 8.319519758224487305e-01 1.392199993133544922e-01
8.776546716690063477e-01 4.435760080814361572e-01 8.696186542510986328e-01 1.854693293571472168e-01 8.089053034782409668e-01 5.840839743614196777e-01 6.965000033378601074e-01 3.994253277778625488e-01
8.164146542549133301e-01 1.387879997491836548e-01 4.692893326282501221e-01 8.785853385925292969e-01 4.885333180427551270e-01 2.280626595020294189e-01 4.080680012702941895e-01 8.243173360824584961e-01
9.327080249786376953e-01 8.808026909828186035e-01 8.091160058975219727e-01 5.780146718025207520e-01 9.334173202514648438e-01 6.749826669692993164e-01 8.182013034820556641e-01 1.250466704368591309e-01
8.686493039131164551e-01 6.703386902809143066e-01 7.568759918212890625e-01 7.474506497383117676e-01 1.833399981260299683e-01 3.119026720523834229e-01 2.660000026226043701e-01 6.510626673698425293e-01
7.908933609724044800e-02 9.696013331413269043e-01 1.405333285219967365e-03 2.340119928121566772e-01 1.603066734969615936e-02 5.148053169250488281e-01 1.658000051975250244e-02 9.889453053474426270e-01
8.347119688987731934e-01 8.221866488456726074e-01 5.280640125274658203e-01 5.548986792564392090e-01 3.674080073833465576e-01 7.572813034057617188e-01 3.455333411693572998e-01 5.388600230216979980e-01
9.924586415290832520e-01 9.107653498649597168e-01 9.307373166084289551e-01 9.366559982299804688e-01 1.426293402910232544e-01 3.679346740245819092e-01 3.014226555824279785e-01 9.392520189285278320e-01
2.862786650657653809e-01 7.483706474304199219e-01 7.475333213806152344e-01 6.490466594696044922e-01 8.520159721374511719e-01 5.787720084190368652e-01 1.766853332519531250e-01 4.150693416595458984e-01
4.272626638412475586e-01 5.516266822814941406e-01 1.825760006904602051e-01 8.838266879320144653e-02 2.884533405303955078e-01 7.053493261337280273e-01 2.972320020198822021e-01 6.025666594505310059e-01
3.837333321571350098e-01 2.699906527996063232e-01 6.463746428489685059e-01 2.758653461933135986e-01 2.848666608333587646e-01 4.443653225898742676e-01 5.199840068817138672e-01 6.360493302345275879e-01
4.820959866046905518e-01 7.638946771621704102e-01 3.850946724414825439e-01 3.709039986133575439e-01 7.099746465682983398e-01 6.983706355094909668e-01 4.417333286255598068e-03 5.934986472129821777e-01
8.865733146667480469e-01 3.170973360538482666e-01 2.694426774978637695e-01 8.818306922912597656e-01 5.860639810562133789e-01 7.932706475257873535e-01 9.089840054512023926e-01 4.522320032119750977e-01
0.000000000000000000e+00 9.998653531074523926e-01 0.000000000000000000e+00 7.597439885139465332e-01 0.000000000000000000e+00 1.000000000000000000e+00 0.000000000000000000e+00 9.737693071365356445e-01
9.663333296775817871e-01 7.742533087730407715e-02 6.469479799270629883e-01 5.438479781150817871e-01 6.447039842605590820e-01 2.153960019350051880e-01 8.319799900054931641e-01 4.431866705417633057e-01
9.994720220565795898e-01 6.965333130210638046e-03 1.460013389587402344e-01 5.662279725074768066e-01 1.462973356246948242e-01 2.049466669559478760e-01 9.873453378677368164e-01 9.899333119392395020e-01
8.428159952163696289e-01 8.613853454589843750e-01 2.018666593357920647e-03 9.808546900749206543e-01 6.419133543968200684e-01 2.782986760139465332e-01 9.946546554565429688e-01 5.786666879430413246e-04
3.463360071182250977e-01 1.787173300981521606e-01 5.976853370666503906e-01 6.742866635322570801e-01 5.733586549758911133e-01 1.780000030994415283e-01 6.264973282814025879e-01 6.952919960021972656e-01
6.300133466720581055e-01 2.927800118923187256e-01 6.719359755516052246e-01 2.544706761837005615e-01 3.178879916667938232e-01 5.947946906089782715e-01 9.214773178100585938e-01 4.279519915580749512e-01
9.149986505508422852e-01 8.138666860759258270e-03 1.865466684103012085e-02 2.226813286542892456e-01 7.537213563919067383e-01 3.303213417530059814e-01 9.998346567153930664e-01 7.411666512489318848e-01
5.397653579711914062e-01 8.811320066452026367e-01 1.189559996128082275e-01 1.031986698508262634e-01 9.759986400604248047e-01 8.995746374130249023e-01 7.522293329238891602e-01 3.203866630792617798e-02
3.976253271102905273e-01 9.643880128860473633e-01 1.685773283243179321e-01 6.343839764595031738e-01 8.005039691925048828e-01 5.555160045623779297e-01 8.903039693832397461e-01 1.560533326119184494e-02
5.420266836881637573e-02 7.889066636562347412e-02 9.300239682197570801e-01 2.076973319053649902e-01 6.042986512184143066e-01 3.430680036544799805e-01 6.032093167304992676e-01 4.524559974670410156e-01
5.016533136367797852e-01 3.761773407459259033e-01 8.198013305664062500e-01 7.071533203125000000e-01 7.348532974720001221e-02 3.439239859580993652e-01 3.377186655998229980e-01 7.246053218841552734e-01
2.835466563701629639e-01 8.139680027961730957e-01 2.316666580736637115e-02 9.907760024070739746e-01 7.110720276832580566e-01 5.757866501808166504e-01 8.729439973831176758e-01 4.825933277606964111e-01
3.463320136070251465e-01 5.416706800460815430e-01 3.486840128898620605e-01 3.810013234615325928e-01 3.854959905147552490e-01 6.968799829483032227e-01 9.234026670455932617e-01 5.315960049629211426e-01
1.956640034914016724e-01 2.468466609716415405e-01 5.169466510415077209e-02 9.263186454772949219e-01 1.001826673746109009e-01 2.047293335199356079e-01 9.041373133659362793e-01 5.123906731605529785e-01
5.871746540069580078e-01 6.530026793479919434e-01 1.346666715107858181e-03 9.846653342247009277e-01 5.512959957122802734e-01 1.185599993914365768e-02 7.710973024368286133e-01 6.730493307113647461e-01
9.171400070190429688e-01 4.303333163261413574e-02 9.509706497192382812e-01 5.207600072026252747e-02 8.123999834060668945e-02 5.792120099067687988e-01 7.491559982299804688e-01 8.381493091583251953e-01
5.362640023231506348e-01 3.385680019855499268e-01 5.322506427764892578e-01 3.641519844532012939e-01 3.968800008296966553e-01 3.791426718235015869e-01 6.376026868820190430e-01 6.145560145378112793e-01
4.784346520900726318e-01 8.258586525917053223e-01 2.404879927635192871e-01 3.919279873371124268e-01 3.441013395786285400e-01 4.733826518058776855e-01 4.973053336143493652e-01 3.436479866504669189e-01
6.093066930770874023e-01 7.382133603096008301e-01 1.893360018730163574e-01 6.964933276176452637e-01 6.470986604690551758e-01 7.744320034980773926e-01 5.179306864738464355e-01 3.263746798038482666e-01
4.300066530704498291e-01 1.370346695184707642e-01 8.331693410873413086e-01 2.120626717805862427e-01 1.083106696605682373e-01 6.486906409263610840e-01 4.378800094127655029e-02 9.402373433113098145e-01
3.610199987888336182e-01 9.261720180511474609e-01 4.733466506004333496e-01 6.521946787834167480e-01 9.937493205070495605e-01 2.654480040073394775e-01 9.387133121490478516e-01 1.232266705483198166e-02
2.178666647523641586e-03 2.753933370113372803e-01 9.012600183486938477e-01 5.481600016355514526e-02 1.440000050934031606e-04 5.950959920883178711e-01 5.093333311378955841e-04 9.995319843292236328e-01
7.000373601913452148e-01 7.647946476936340332e-01 1.502066701650619507e-01 8.673920035362243652e-01 6.914506554603576660e-01 5.608026385307312012e-01 8.488079905509948730e-01 3.643200099468231201e-01
1.628906726837158203e-01 2.173786610364913940e-01 1.013239994645118713e-01 9.773266911506652832e-01 4.478133469820022583e-02 2.461706697940826416e-01 8.508666753768920898e-01 9.434840083122253418e-01
6.825466454029083252e-02 4.627493321895599365e-01 9.668746590614318848e-01 2.364826649427413940e-01 2.894666744396090508e-03 5.417413115501403809e-01 1.543999998830258846e-03 9.181720018386840820e-01
8.607360124588012695e-01 7.693759799003601074e-01 8.495559692382812500e-01 1.786093264818191528e-01 9.693986773490905762e-01 5.732173323631286621e-01 6.835066676139831543e-01 4.622000083327293396e-02
4.998186528682708740e-01 4.743493199348449707e-01 6.816386580467224121e-01 6.550639867782592773e-01 8.657733350992202759e-02 6.276853084564208984e-01 1.087720021605491638e-01 8.644400238990783691e-01
8.267800211906433105e-01 3.043040037155151367e-01 3.114213347434997559e-01 7.932599782943725586e-01 7.090880274772644043e-01 5.459813475608825684e-01 7.768973112106323242e-01 5.066253542900085449e-01
0.000000000000000000e+00 9.992173314094543457e-01 0.000000000000000000e+00 9.472439885139465332e-01 3.054666705429553986e-02 9.011333584785461426e-01 8.756279945373535156e-01 2.650666609406471252e-02
9.353200346231460571e-02 8.389293551445007324e-01 2.845720052719116211e-01 3.063839972019195557e-01 1.217959970235824585e-01 5.688973069190979004e-01 5.659599974751472473e-02 8.038640022277832031e-01
2.039613276720046997e-01 1.873866654932498932e-02 2.139893323183059692e-01 7.411973476409912109e-01 4.180666804313659668e-02 1.740786731243133545e-01 9.979026913642883301e-01 9.939759969711303711e-01
3.156653344631195068e-01 6.065066531300544739e-02 4.519893229007720947e-01 3.816893398761749268e-01 7.140000164508819580e-02 3.280973434448242188e-01 3.862533345818519592e-02 9.825680255889892578e-01
9.997346401214599609e-01 9.333426356315612793e-01 9.927986860275268555e-01 9.455053210258483887e-01 2.575919926166534424e-01 5.163373351097106934e-01 2.724519968032836914e-01 7.611666917800903320e-01
6.941080093383789062e-01 8.509853482246398926e-01 3.225973248481750488e-01 5.653733387589454651e-02 9.935680031776428223e-01 4.550586640834808350e-01 6.174026727676391602e-01 8.201866596937179565e-02
7.917039990425109863e-01 4.256266653537750244e-01 5.007373094558715820e-01 4.802413284778594971e-01 9.372373223304748535e-01 5.365200042724609375e-01 6.858773231506347656e-01 3.875066637992858887e-01
8.974266648292541504e-01 6.313293576240539551e-01 9.023119807243347168e-01 3.193826675415039062e-01 7.444493174552917480e-01 6.757239699363708496e-01 7.184693217277526855e-01 2.531013190746307373e-01
6.124626398086547852e-01 9.833226799964904785e-01 2.729466743767261505e-02 9.339119791984558105e-01 9.492279887199401855e-01 8.045053482055664062e-01 4.749013185501098633e-01 5.691866576671600342e-02
1.367999939247965813e-03 1.369199994951486588e-02 9.304826855659484863e-01 9.958080053329467773e-01 2.165679931640625000e-01 1.837359964847564697e-01 2.186706662178039551e-01 8.843706846237182617e-01
9.226040244102478027e-01 8.375506401062011719e-01 8.372666835784912109e-01 2.363346666097640991e-01 2.749280035495758057e-01 2.310373336076736450e-01 3.003626763820648193e-01 7.739666700363159180e-01
7.069253325462341309e-01 3.591146767139434814e-01 4.203720092773437500e-01 9.337133169174194336e-01 4.664613306522369385e-01 1.032480001449584961e-01 6.747840046882629395e-01 6.354213356971740723e-01
1.119986698031425476e-01 8.842813372611999512e-01 5.257679820060729980e-01 8.314599990844726562e-01 8.670746684074401855e-01 2.622813284397125244e-01 1.109733358025550842e-01 3.634679913520812988e-01
4.352679848670959473e-01 2.766666747629642487e-02 6.842773556709289551e-01 6.017000079154968262e-01 6.259813308715820312e-01 4.676306545734405518e-01 7.369733452796936035e-01 4.781186580657958984e-01
5.891133546829223633e-01 4.347853362560272217e-01 6.227226853370666504e-01 3.919786512851715088e-01 4.533333182334899902e-01 5.836386680603027344e-01 7.744733095169067383e-01 4.095079898834228516e-01
2.344399988651275635e-01 9.219413399696350098e-01 1.876946687698364258e-01 7.009453177452087402e-01 3.244253396987915039e-01 1.855919957160949707e-01 6.311386823654174805e-01 2.159386724233627319e-01
2.477719932794570923e-01 3.844133391976356506e-02 9.840359687805175781e-01 7.485866546630859375e-02 6.969466805458068848e-02 7.345240116119384766e-01 3.637333214282989502e-01 9.326546788215637207e-01
4.712826609611511230e-01 4.789719879627227783e-01 5.169146656990051270e-01 4.312066733837127686e-01 4.287293255329132080e-01 2.013253271579742432e-01 7.019039988517761230e-01 4.405026733875274658e-01
3.209559917449951172e-01 2.776746749877929688e-01 1.445720046758651733e-01 9.034879803657531738e-01 1.234186664223670959e-01 3.004506528377532959e-01 5.705706477165222168e-01 6.089586615562438965e-01
9.611200094223022461e-01 1.167080029845237732e-01 9.958693385124206543e-01 1.429333351552486420e-03 9.848813414573669434e-01 7.375986576080322266e-01 9.036826491355895996e-01 7.842666469514369965e-03
4.291973412036895752e-01 8.959026932716369629e-01 4.162519872188568115e-01 5.783759951591491699e-01 8.928719758987426758e-01 5.259613394737243652e-01 3.220573365688323975e-01 2.345093339681625366e-01
1.046413332223892212e-01 1.976760029792785645e-01 2.475360035896301270e-01 8.334853053092956543e-01 2.089120000600814819e-01 2.579546570777893066e-01 2.018519937992095947e-01 8.363986611366271973e-01
1.065120026469230652e-01 3.824466764926910400e-01 6.168133392930030823e-02 9.250813126564025879e-01 5.364933237433433533e-02 4.003959894180297852e-01 7.755519747734069824e-01 7.361159920692443848e-01
5.276746749877929688e-01 2.364973276853561401e-01 3.851799964904785156e-01 9.822906851768493652e-01 3.756639957427978516e-01 4.227706789970397949e-01 6.327120065689086914e-01 6.736306548118591309e-01
8.209093213081359863e-01 8.015999570488929749e-03 3.997600078582763672e-01 5.801240205764770508e-01 4.415466636419296265e-02 1.072719991207122803e-01 5.264933109283447266e-01 9.918373227119445801e-01
6.957133412361145020e-01 5.970799922943115234e-02 6.561453342437744141e-01 5.548306703567504883e-01 4.229813218116760254e-01 2.728733420372009277e-01 8.472866415977478027e-01 7.253199815750122070e-01
8.234720230102539062e-01 3.019999945536255836e-03 7.776346802711486816e-01 6.591519713401794434e-01 2.873866632580757141e-02 4.947986602783203125e-01 9.493253231048583984e-01 9.985079765319824219e-01
2.965413331985473633e-01 8.960426449775695801e-01 3.116773366928100586e-01 1.874853372573852539e-01 8.563693165779113770e-01 6.183239817619323730e-01 8.066386580467224121e-01 1.361893266439437866e-01
9.935506582260131836e-01 3.091333210468292236e-01 9.449733495712280273e-01 3.205400109291076660e-01 8.955973386764526367e-01 5.701546669006347656e-01 8.634893298149108887e-01 2.859773337841033936e-01
8.175933361053466797e-01 1.632920056581497192e-01 2.799533307552337646e-01 8.872680068016052246e-01 9.909999966621398926e-01 5.225933194160461426e-01 9.975066781044006348e-01 1.582666672766208649e-02
3.263426721096038818e-01 5.644506812095642090e-01 2.675853371620178223e-01 9.009839892387390137e-01 4.556533396244049072e-01 7.897746562957763672e-01 5.366026759147644043e-01 5.126546621322631836e-01
8.887226581573486328e-01 7.757866382598876953e-02 8.174666762351989746e-02 9.828626513481140137e-01 2.258946597576141357e-01 7.079439759254455566e-01 9.933493137359619141e-01 1.507933288812637329e-01
6.387599706649780273e-01 1.804026663303375244e-01 6.836400032043457031e-01 6.131479740142822266e-01 1.235919967293739319e-01 5.104066729545593262e-01 8.322146534919738770e-01 6.766440272331237793e-01
5.141466856002807617e-01 7.874506711959838867e-01 8.545653223991394043e-01 5.201986432075500488e-01 8.383960127830505371e-01 5.771066546440124512e-01 8.742746710777282715e-01 1.372773349285125732e-01
9.809173345565795898e-01 2.417173385620117188e-01 5.052199959754943848e-01 6.091639995574951172e-01 6.772706508636474609e-01 7.588599920272827148e-01 3.356840014457702637e-01 6.905720233917236328e-01
1.171786636114120483e-01 6.288906931877136230e-01 6.858400255441665649e-02 8.841386437416076660e-01 3.033800125122070312e-01 5.565773248672485352e-01 3.221080005168914795e-01 7.305120229721069336e-01
6.546120047569274902e-01 4.734933376312255859e-02 6.225773096084594727e-01 5.040280222892761230e-01 1.606400012969970703e-01 5.540760159492492676e-01 5.618479847908020020e-01 9.038199782371520996e-01
2.811253368854522705e-01 4.257466793060302734e-01 2.052199989557266235e-01 6.491853594779968262e-01 4.538840055465698242e-01 1.486813277006149292e-01 4.815599918365478516e-01 5.659080147743225098e-01
0.000000000000000000e+00 4.897133409976959229e-01 5.106773376464843750e-01 0.000000000000000000e+00 0.000000000000000000e+00 1.674986630678176880e-01 0.000000000000000000e+00 9.997813105583190918e-01
9.483999572694301605e-03 8.620626926422119141e-01 9.322666563093662262e-03 8.506346940994262695e-01 1.546933315694332123e-02 6.802706718444824219e-01 3.285066783428192139e-02 9.617546796798706055e-01
8.084120154380798340e-01 6.871466338634490967e-02 9.711160063743591309e-01 3.552519977092742920e-01 2.527279853820800781e-01 6.790919899940490723e-01 6.939733028411865234e-01 8.284706473350524902e-01
8.037773370742797852e-01 5.190400034189224243e-02 5.712746381759643555e-01 9.456693530082702637e-01 8.903346657752990723e-01 4.611146748065948486e-01 8.741773366928100586e-01 7.824239730834960938e-01
5.315240025520324707e-01 8.038786649703979492e-01 4.661866724491119385e-01 9.811999648809432983e-02 1.681333333253860474e-01 5.636053085327148438e-01 4.571720063686370850e-01 5.029079914093017578e-01
9.631426930427551270e-01 1.335066650062799454e-02 7.971893548965454102e-01 8.558040261268615723e-01 2.985999919474124908e-02 1.107106655836105347e-01 9.197706580162048340e-01 9.710933566093444824e-01
1.908386647701263428e-01 9.270426630973815918e-01 9.348133206367492676e-01 2.176000038161873817e-03 7.640359997749328613e-01 5.196706652641296387e-01 2.135013341903686523e-01 1.212613359093666077e-01
3.114120066165924072e-01 4.025733470916748047e-02 3.056133389472961426e-01 8.976533263921737671e-02 2.008773386478424072e-01 3.448946774005889893e-01 9.129093289375305176e-01 9.639186859130859375e-01
4.408986568450927734e-01 6.044399738311767578e-01 3.760653436183929443e-01 5.482919812202453613e-01 5.434933304786682129e-01 5.554133057594299316e-01 4.407120048999786377e-01 3.559333384037017822e-01
3.076666593551635742e-01 7.854840159416198730e-01 2.887933254241943359e-01 7.086013555526733398e-01 2.767506539821624756e-01 6.423173546791076660e-01 2.035946696996688843e-01 7.176973223686218262e-01
2.734666764736175537e-01 2.452346682548522949e-01 2.432253360748291016e-01 8.398879766464233398e-01 1.000146642327308655e-01 8.796200156211853027e-01 6.770173311233520508e-01 8.838386535644531250e-01
7.661560177803039551e-01 1.751653403043746948e-01 5.018453598022460938e-01 5.916106700897216797e-01 2.083293348550796509e-01 3.163973391056060791e-01 2.367386668920516968e-01 7.820493578910827637e-01
7.871346473693847656e-01 4.845546782016754150e-01 0.000000000000000000e+00 9.969253540039062500e-01 3.742493391036987305e-01 7.896360158920288086e-01 9.639599919319152832e-01 9.911906719207763672e-01
5.154759883880615234e-01 5.154960155487060547e-01 4.394306540489196777e-01 4.912626743316650391e-01 5.455573201179504395e-01 6.087599992752075195e-01 6.392906904220581055e-01 4.394960105419158936e-01
9.527666568756103516e-01 9.599199891090393066e-02 8.498226404190063477e-01 3.994706571102142334e-01 9.694439768791198730e-01 4.964093267917633057e-01 7.505440115928649902e-01 4.002826511859893799e-01
9.881973266601562500e-01 3.790533170104026794e-02 5.408359766006469727e-01 2.414826601743698120e-01 4.680773317813873291e-01 1.411039978265762329e-01 5.226400122046470642e-02 9.881306886672973633e-01
6.234639883041381836e-01 5.559480190277099609e-01 5.780293345451354980e-01 5.064546465873718262e-01 6.038399934768676758e-01 5.146653056144714355e-01 5.229600071907043457e-01 4.077373445034027100e-01
5.363720059394836426e-01 8.699306845664978027e-01 5.599093437194824219e-01 9.928533434867858887e-01 1.233999989926815033e-02 2.615653276443481445e-01 1.842799969017505646e-02 9.117519855499267578e-01
4.463866725564002991e-02 1.940586715936660767e-01 9.844440221786499023e-01 5.765600129961967468e-02 5.879359841346740723e-01 7.783706784248352051e-01 5.205706357955932617e-01 2.895480096340179443e-01
4.132533445954322815e-02 1.320240050554275513e-01 6.929733604192733765e-02 8.191986680030822754e-01 1.509493291378021240e-01 2.665399909019470215e-01 7.577466964721679688e-02 8.905573487281799316e-01
5.718666687607765198e-02 5.291479825973510742e-01 2.259999979287385941e-03 8.717826604843139648e-01 6.760000251233577728e-04 3.069399893283843994e-01 1.643173396587371826e-01 9.995639920234680176e-01
7.787426710128784180e-01 4.137440025806427002e-01 8.545013070106506348e-01 9.637733548879623413e-02 8.270999789237976074e-01 2.492626607418060303e-01 7.238426804542541504e-01 3.827840089797973633e-01
1.724826693534851074e-01 7.012066841125488281e-01 8.499466776847839355e-01 3.940933197736740112e-02 7.491013407707214355e-01 4.473853409290313721e-01 7.323333621025085449e-02 4.994399845600128174e-01
3.391200006008148193e-01 5.203026533126831055e-01 5.425866693258285522e-02 8.789200186729431152e-01 4.056906700134277344e-01 1.545266658067703247e-01 3.471199870109558105e-01 5.986040234565734863e-01
8.330186605453491211e-01 6.291866898536682129e-01 3.635906577110290527e-01 8.171506524085998535e-01 6.815426945686340332e-01 4.064466655254364014e-01 5.165373086929321289e-01 3.071453273296356201e-01
3.207719922065734863e-01 1.458159983158111572e-01 3.428866565227508545e-01 3.940666615962982178e-01 1.122986674308776855e-01 1.576413363218307495e-01 2.535133361816406250e-01 8.754760026931762695e-01
3.393986523151397705e-01 9.618906378746032715e-01 7.389373183250427246e-01 7.545986771583557129e-01 5.843599885702133179e-02 4.895066618919372559e-01 0.000000000000000000e+00 7.033479809761047363e-01
9.254293441772460938e-01 8.519733548164367676e-01 9.476879835128784180e-01 6.760293245315551758e-01 9.549413323402404785e-01 4.167026579380035400e-01 1.740960031747817993e-01 2.857506573200225830e-01
4.068733453750610352e-01 6.557693481445312500e-01 2.340559959411621094e-01 6.092813611030578613e-01 5.643733143806457520e-01 5.607960224151611328e-01 6.842493414878845215e-01 3.625013232231140137e-01
3.800653219223022461e-01 8.747426867485046387e-01 8.282800018787384033e-02 9.995693564414978027e-01 7.145826816558837891e-01 5.148573517799377441e-01 4.710466563701629639e-01 3.216626644134521484e-01
4.657626748085021973e-01 7.263240218162536621e-01 2.676773369312286377e-01 7.632653117179870605e-01 5.045293569564819336e-01 6.551880240440368652e-01 6.871160268783569336e-01 3.867146670818328857e-01
5.669639706611633301e-01 7.838720083236694336e-01 9.591079950332641602e-01 2.387733384966850281e-02 9.827506542205810547e-01 6.448786854743957520e-01 5.024799704551696777e-01 1.672666706144809723e-02
9.035186767578125000e-01 8.009533286094665527e-01 7.704200148582458496e-01 6.737719774246215820e-01 8.707586526870727539e-01 6.158506870269775391e-01 5.584093332290649414e-01 1.577906608581542969e-01
2.114866673946380615e-01 3.340506553649902344e-01 2.090213298797607422e-01 7.713546752929687500e-01 2.402853369712829590e-01 4.619146585464477539e-01 6.750119924545288086e-01 6.682626605033874512e-01
2.231959998607635498e-01 4.250493347644805908e-01 1.895146667957305908e-01 7.535560131072998047e-01 2.175879925489425659e-01 5.152080059051513672e-01 3.229959905147552490e-01 9.962226748466491699e-01
8.561733365058898926e-01 4.152973294258117676e-01 7.534266710281372070e-01 9.515986442565917969e-01 4.455333203077316284e-02 8.348266482353210449e-01 3.867626786231994629e-01 9.397280216217041016e-01
2.008306682109832764e-01 6.230626702308654785e-01 3.079920113086700439e-01 4.340546727180480957e-01 5.579599738121032715e-01 2.649733424186706543e-01 6.112186908721923828e-01 3.925253450870513916e-01
8.182653188705444336e-01 1.083306670188903809e-01 4.309666752815246582e-01 9.881106615066528320e-01 1.657906621694564819e-01 2.669000029563903809e-01 9.792799949645996094e-01 9.570000171661376953e-01
1.931999921798706055e-01 7.004600167274475098e-01 6.677599996328353882e-02 8.664626479148864746e-01 1.652400046586990356e-01 4.649879932403564453e-01 5.284306406974792480e-01 6.474893093109130859e-01
4.957920014858245850e-01 8.658386468887329102e-01 4.881026744842529297e-01 7.425253391265869141e-01 5.156480073928833008e-01 5.397359728813171387e-01 6.669933199882507324e-01 1.185733303427696228e-01
9.985986351966857910e-01 1.346786618232727051e-01 8.108146786689758301e-01 2.796853184700012207e-01 5.615453124046325684e-01 5.459346771240234375e-01 7.469093203544616699e-01 7.758093476295471191e-01
7.041693329811096191e-01 7.724693417549133301e-01 1.054719984531402588e-01 9.755333065986633301e-01 7.928720116615295410e-01 2.491333335638046265e-01 6.913013458251953125e-01 2.914346754550933838e-01
8.927680253982543945e-01 9.854066371917724609e-01 7.924346923828125000e-01 9.269093275070190430e-01 1.302693337202072144e-01 3.660906553268432617e-01 1.222666632384061813e-02 5.140906572341918945e-01
1.285053342580795288e-01 1.000000000000000000e+00 5.476133152842521667e-02 1.000000000000000000e+00 2.010133303701877594e-02 7.612253427505493164e-01 3.571400046348571777e-01 2.320799976587295532e-02
6.024946570396423340e-01 8.833479881286621094e-01 5.723720192909240723e-01 5.049866810441017151e-02 6.303866505622863770e-01 5.368066430091857910e-01 8.683413267135620117e-01 9.711333364248275757e-02
1.226200014352798462e-01 1.461533308029174805e-01 1.030613332986831665e-01 8.111240267753601074e-01 4.899200052022933960e-02 6.321653127670288086e-01 6.431253552436828613e-01 9.243613481521606445e-01
5.655973553657531738e-01 3.454053401947021484e-01 9.525799751281738281e-01 3.403133451938629150e-01 1.571426689624786377e-01 3.383506536483764648e-01 6.180480122566223145e-01 5.523933172225952148e-01
5.446839928627014160e-01 2.816813290119171143e-01 4.257560074329376221e-01 2.662826776504516602e-01 7.607280015945434570e-01 2.008866667747497559e-01 6.651653051376342773e-01 2.231493294239044189e-01
4.346666485071182251e-02 1.427720040082931519e-01 8.773386478424072266e-01 1.754573285579681396e-01 2.576400041580200195e-01 3.823240101337432861e-01 1.995573341846466064e-01 8.009066581726074219e-01
3.008520007133483887e-01 2.815066576004028320e-01 1.618639975786209106e-01 1.246960014104843140e-01 4.292000085115432739e-02 7.352293133735656738e-01 4.927479922771453857e-01 8.712693452835083008e-01
8.658786416053771973e-01 4.792200028896331787e-01 8.805013298988342285e-01 4.012266546487808228e-02 9.700653553009033203e-01 7.476919889450073242e-01 6.365079879760742188e-01 4.992000013589859009e-02
1.742453277111053467e-01 4.774786531925201416e-01 3.494693338871002197e-01 3.704760074615478516e-01 1.203200034797191620e-02 3.285706639289855957e-01 1.637786626815795898e-01 9.953733086585998535e-01
7.811693549156188965e-01 5.623000264167785645e-01 1.431400030851364136e-01 4.730800092220306396e-01 4.624653458595275879e-01 7.546053528785705566e-01 8.298613429069519043e-01 2.660039961338043213e-01
7.899186611175537109e-01 1.568160057067871094e-01 8.164973258972167969e-01 6.230986714363098145e-01 2.716266512870788574e-01 3.894079923629760742e-01 7.832586765289306641e-01 7.811186909675598145e-01
3.869053423404693604e-01 3.585093319416046143e-01 1.779973357915878296e-01 9.036920070648193359e-01 3.423120081424713135e-01 1.816733330488204956e-01 2.302186638116836548e-01 8.366799950599670410e-01
6.808013319969177246e-01 3.191519975662231445e-01 5.310706496238708496e-01 5.268986821174621582e-01 7.963146567344665527e-01 4.787999987602233887e-01 7.935346364974975586e-01 4.385093450546264648e-01
9.055986404418945312e-01 5.890520215034484863e-01 7.564039826393127441e-01 2.930546700954437256e-01 9.862253069877624512e-01 6.852399706840515137e-01 3.983586728572845459e-01 1.574919968843460083e-01
1.499106734991073608e-01 6.983533501625061035e-01 7.932813167572021484e-01 4.203106760978698730e-01 3.872666656970977783e-01 6.919893026351928711e-01 5.416133254766464233e-02 4.210026562213897705e-01
6.331359744071960449e-01 7.237226366996765137e-01 9.083693027496337891e-01 8.234400153160095215e-01 7.903040051460266113e-01 6.615906357765197754e-01 2.893959879875183105e-01 5.718626379966735840e-01
4.842786788940429688e-01 5.924106836318969727e-01 1.932373344898223877e-01 7.346173524856567383e-01 6.159346699714660645e-01 5.052000284194946289e-01 7.763053178787231445e-01 5.056826472282409668e-01
6.995959877967834473e-01 9.771839976310729980e-01 1.258919984102249146e-01 8.615133166313171387e-01 8.860759735107421875e-01 3.092266619205474854e-01 2.079840004444122314e-01 9.289466589689254761e-02
9.437973499298095703e-01 1.110826656222343445e-01 8.115933537483215332e-01 9.895732998847961426e-02 7.448559999465942383e-01 3.406719863414764404e-01 6.029959917068481445e-01 7.536133527755737305e-01
0.000000000000000000e+00 8.920186758041381836e-01 2.069333335384726524e-03 8.964813351631164551e-01 2.158666728064417839e-03 7.096666693687438965e-01 1.760039925575256348e-01 8.715186715126037598e-01
4.986666738986968994e-01 4.811280071735382080e-01 8.259866833686828613e-01 5.042000114917755127e-02 9.145186543464660645e-01 5.271279811859130859e-01 7.560999989509582520e-01 1.838306635618209839e-01
4.290653467178344727e-01 3.139106631278991699e-01 6.349520087242126465e-01 1.093733310699462891e-01 4.169266521930694580e-01 2.161173373460769653e-01 3.626599907875061035e-01 6.369826793670654297e-01
2.880000043660402298e-03 8.488973379135131836e-01 9.396359920501708984e-01 2.756000030785799026e-03 0.000000000000000000e+00 2.268960028886795044e-01 0.000000000000000000e+00 9.894186854362487793e-01
8.105800151824951172e-01 7.870533317327499390e-02 2.452746629714965820e-01 6.760839819908142090e-01 3.625360131263732910e-01 3.126426637172698975e-01 7.594680190086364746e-01 9.790213108062744141e-01
5.370333194732666016e-01 7.284546494483947754e-01 5.849733352661132812e-01 1.187066640704870224e-02 8.882946372032165527e-01 3.831786513328552246e-01 5.224146842956542969e-01 1.916439980268478394e-01
3.867999911308288574e-01 9.689706563949584961e-01 1.099986657500267029e-01 8.403506875038146973e-01 9.580106735229492188e-01 4.166400134563446045e-01 7.781360149383544922e-01 2.581866644322872162e-02
5.515626668930053711e-01 6.277466565370559692e-02 1.473799943923950195e-01 4.942586719989776611e-01 6.429599970579147339e-02 2.847786545753479004e-01 4.805999994277954102e-02 9.525973200798034668e-01
1.535133272409439087e-01 7.180946469306945801e-01 2.043546587228775024e-01 9.046040177345275879e-01 4.138346612453460693e-01 2.034293264150619507e-01 2.545133233070373535e-01 4.747013449668884277e-01
7.926853299140930176e-01 8.280799984931945801e-01 1.135466620326042175e-02 9.622493386268615723e-01 9.916719794273376465e-01 2.871813178062438965e-01 3.302973210811614990e-01 8.101239800453186035e-01
2.383733354508876801e-02 9.336506724357604980e-01 1.812933385372161865e-02 9.284880161285400391e-01 2.917333319783210754e-02 8.667253255844116211e-01 7.428266853094100952e-02 9.688906669616699219e-01
2.930879890918731689e-01 7.884532958269119263e-02 5.187200009822845459e-02 9.420639872550964355e-01 1.201720014214515686e-01 9.415226578712463379e-01 9.845653176307678223e-01 9.842186570167541504e-01
3.291026651859283447e-01 2.510000020265579224e-02 4.740133285522460938e-01 8.942613601684570312e-01 2.106000036001205444e-01 4.108760058879852295e-01 1.208253353834152222e-01 9.544413089752197266e-01
9.524160027503967285e-01 2.106533348560333252e-01 6.409826874732971191e-01 3.300426602363586426e-01 9.211666584014892578e-01 2.327933311462402344e-01 9.761520028114318848e-01 2.513093352317810059e-01
3.844746649265289307e-01 3.979266583919525146e-01 7.104146480560302734e-01 1.979826688766479492e-01 4.752386510372161865e-01 6.025306582450866699e-01 3.905493319034576416e-01 4.839653372764587402e-01
6.245653033256530762e-01 9.583546519279479980e-01 7.121279835700988770e-01 8.734666556119918823e-02 3.622933477163314819e-02 5.873693227767944336e-01 4.315066710114479065e-02 9.604373574256896973e-01
9.796653389930725098e-01 8.934133499860763550e-02 3.888453245162963867e-01 7.287840247154235840e-01 5.250893235206604004e-01 6.152319908142089844e-01 5.917466878890991211e-01 7.192933559417724609e-01
4.702573418617248535e-01 8.197519779205322266e-01 1.620813310146331787e-01 7.811560034751892090e-01 8.293906450271606445e-01 5.882040262222290039e-01 5.163626670837402344e-01 1.549559980630874634e-01
3.098666667938232422e-02 9.835413098335266113e-01 1.980266720056533813e-02 9.898080229759216309e-01 1.703000068664550781e-01 9.999359846115112305e-01 1.682679951190948486e-01 4.810653328895568848e-01
2.805120050907135010e-01 5.499186515808105469e-01 6.945986747741699219e-01 1.257613301277160645e-01 5.794773101806640625e-01 4.707586765289306641e-01 4.248439967632293701e-01 3.780493438243865967e-01
2.661319971084594727e-01 9.684773087501525879e-01 1.996413320302963257e-01 9.608533382415771484e-01 1.115693300962448120e-01 1.443773359060287476e-01 3.951880037784576416e-01 9.227946400642395020e-01
3.726333379745483398e-01 5.589600205421447754e-01 3.557400107383728027e-01 9.723119735717773438e-01 4.232000093907117844e-03 4.417973458766937256e-01 4.559466615319252014e-02 9.839439988136291504e-01
8.226506710052490234e-01 1.425919979810714722e-01 9.403426647186279297e-01 5.922319889068603516e-01 6.363546848297119141e-01 4.829506576061248779e-01 4.745346605777740479e-01 6.291466355323791504e-01
7.163466513156890869e-02 9.274773597717285156e-01 6.035200133919715881e-02 9.273466467857360840e-01 1.188253313302993774e-01 2.805266678333282471e-01 3.597733378410339355e-02 8.842466473579406738e-01
7.368080019950866699e-01 6.509506702423095703e-01 3.330399990081787109e-01 5.446839928627014160e-01 9.386600255966186523e-01 6.037346720695495605e-01 4.064093232154846191e-01 2.457360029220581055e-01
6.762693524360656738e-01 7.301066815853118896e-02 1.158093363046646118e-01 9.911533594131469727e-01 1.510933339595794678e-01 6.244279742240905762e-01 5.515613555908203125e-01 8.984253406524658203e-01
8.627480268478393555e-01 5.485613346099853516e-01 7.874306440353393555e-01 6.276013255119323730e-01 4.826079905033111572e-01 4.841906726360321045e-01 2.653186619281768799e-01 8.016639947891235352e-01
5.338493585586547852e-01 6.844586730003356934e-01 3.877480030059814453e-01 5.397653579711914062e-01 7.277640104293823242e-01 7.129480242729187012e-01 5.341613292694091797e-01 2.016720026731491089e-01
9.967013597488403320e-01 9.023586511611938477e-01 9.884960055351257324e-01 8.782426714897155762e-01 3.024266660213470459e-02 7.382933497428894043e-01 3.324933350086212158e-02 9.620959758758544922e-01
0.000000000000000000e+00 9.873066544532775879e-01 0.000000000000000000e+00 8.212453126907348633e-01 5.857333540916442871e-03 5.198613405227661133e-01 2.411586642265319824e-01 4.205079972743988037e-01
1.114266663789749146e-01 1.915973275899887085e-01 7.602400332689285278e-02 4.676000215113162994e-03 3.490973412990570068e-01 4.460346698760986328e-01 8.344640135765075684e-01 7.648706436157226562e-01
4.039706587791442871e-01 8.279213309288024902e-01 4.854266643524169922e-01 8.287853598594665527e-01 7.552800178527832031e-01 3.873053193092346191e-01 1.312146633863449097e-01 3.727253377437591553e-01
4.627693295478820801e-01 5.647040009498596191e-01 4.178533330559730530e-02 9.857626557350158691e-01 2.318439930677413940e-01 2.687706649303436279e-01 9.857973456382751465e-01 3.742586672306060791e-01
9.690840244293212891e-01 3.671599924564361572e-01 9.795039892196655273e-01 6.954039931297302246e-01 8.070746660232543945e-01 3.825133442878723145e-01 8.662533164024353027e-01 2.162213325500488281e-01
4.815079867839813232e-01 2.905373275279998779e-01 3.832359910011291504e-01 8.197039961814880371e-01 2.996133267879486084e-01 3.547639846801757812e-01 1.094933301210403442e-01 9.249893426895141602e-01
6.826413273811340332e-01 1.398693323135375977e-01 8.026613593101501465e-01 3.096066713333129883e-01 5.192373394966125488e-01 3.461666703224182129e-01 4.958453178405761719e-01 8.097360134124755859e-01
5.684040188789367676e-01 7.744493484497070312e-01 3.064133226871490479e-01 9.052760004997253418e-01 3.822466731071472168e-01 7.512400150299072266e-01 4.267520010471343994e-01 5.917119979858398438e-01
4.262586534023284912e-01 2.062506675720214844e-01 9.465199708938598633e-01 1.075599994510412216e-02 3.285479843616485596e-01 6.539040207862854004e-01 1.803279966115951538e-01 8.782119750976562500e-01
5.413333419710397720e-03 7.407053112983703613e-01 1.953213363885879517e-01 4.828306734561920166e-01 2.003666609525680542e-01 7.400226593017578125e-01 3.935706615447998047e-01 4.544599950313568115e-01
7.616519927978515625e-01 7.568799853324890137e-01 8.569253087043762207e-01 1.761106699705123901e-01 8.760706782341003418e-01 7.997706532478332520e-01 3.677253425121307373e-01 8.710533380508422852e-02
9.145986437797546387e-01 1.179106682538986206e-01 7.173613309860229492e-01 6.325266361236572266e-01 9.362466931343078613e-01 6.089879870414733887e-01 9.000080227851867676e-01 6.675866991281509399e-02
0.000000000000000000e+00 9.573559761047363281e-01 4.509746730327606201e-01 7.673333398997783661e-03 2.238253355026245117e-01 4.169226586818695068e-01 1.751066744327545166e-02 1.985426694154739380e-01
5.229733139276504517e-02 5.319653153419494629e-01 4.300000146031379700e-02 5.770226716995239258e-01 9.827466309070587158e-02 4.930386543273925781e-01 1.184360012412071228e-01 8.902959823608398438e-01
3.528266549110412598e-01 4.311026632785797119e-01 2.509226799011230469e-01 5.294640064239501953e-01 4.243960082530975342e-01 8.525893092155456543e-01 8.629026412963867188e-01 4.713266789913177490e-01
1.752106696367263794e-01 9.893053174018859863e-01 1.954186707735061646e-01 2.884946763515472412e-01 1.038639992475509644e-01 5.679786801338195801e-01 5.534413456916809082e-01 1.228666678071022034e-02
6.713466346263885498e-02 9.879853129386901855e-01 6.726959943771362305e-01 6.035999860614538193e-03 7.201146483421325684e-01 8.248893022537231445e-01 3.854933381080627441e-02 1.074680015444755554e-01
5.068519711494445801e-01 6.887146830558776855e-01 1.517266631126403809e-01 2.313866615295410156e-01 7.527600228786468506e-02 3.182906806468963623e-01 4.903066530823707581e-02 8.479679822921752930e-01
9.492413401603698730e-01 1.402266696095466614e-02 9.620959758758544922e-01 8.996053338050842285e-01 9.634400010108947754e-01 6.233733147382736206e-02 7.886866927146911621e-01 7.452200055122375488e-01
9.558799862861633301e-02 6.559533476829528809e-01 8.087466657161712646e-02 9.124133586883544922e-01 3.906373381614685059e-01 3.950026631355285645e-01 8.580493330955505371e-01 3.359826803207397461e-01
6.058133244514465332e-01 9.297200292348861694e-02 8.041840195655822754e-01 3.015466630458831787e-01 6.239200010895729065e-02 5.645639896392822266e-01 9.314773082733154297e-01 4.725880026817321777e-01
4.624373316764831543e-01 1.523839980363845825e-01 6.048493385314941406e-01 2.562133371829986572e-01 4.218133389949798584e-01 4.449493288993835449e-01 8.397319912910461426e-01 6.853013038635253906e-01
