1.417150020599365234e+00 4.993213272094726562e+01 4.501300454139709473e-01 1.342411994934082031e+00 1.570097923278808594e+00 2.202826261520385742e+00 -9.462003707885742188e-01 -4.540014266967773438e-01 6.121239013671875000e+02
6.552317142486572266e-01 5.360476303100585938e+01 1.282909214496612549e-01 2.399320602416992188e+00 -1.012344360351562500e-01 2.335176706314086914e+00 -3.806537151336669922e+00 -1.864605903625488281e+00 9.608652954101562500e+02
8.621552586555480957e-01 5.490274429321289062e+01 5.126240849494934082e-01 3.063548803329467773e+00 -1.936845779418945312e-01 2.911618709564208984e+00 -3.946082115173339844e+00 -3.019603729248046875e+00 4.810892333984375000e+02
8.333315253257751465e-01 4.935581207275390625e+01 6.175927519798278809e-01 2.444055318832397461e+00 -9.342803955078125000e-01 2.029267311096191406e+00 -2.940737247467041016e+00 -2.416908264160156250e+00 4.467348327636718750e+02
6.933786273002624512e-01 5.579871368408203125e+01 1.737762093544006348e-01 2.176491498947143555e+00 -3.169709205627441406e+00 2.825475692749023438e+00 -1.991710662841796875e-01 -5.789736747741699219e+00 8.250729980468750000e+02
1.056814908981323242e+00 5.254138946533203125e+01 3.982613682746887207e-01 2.188324034214019775e-01 -9.638090133666992188e-01 2.427594900131225586e+00 -2.274928569793701172e+00 -7.198562622070312500e-01 8.622303466796875000e+02
3.153060972690582275e-01 5.210317993164062500e+01 2.867838442325592041e-01 8.748294115066528320e-01 1.942470550537109375e+00 2.741398811340332031e+00 -2.935368061065673828e+00 -5.792503356933593750e+00 7.339838867187500000e+02
7.979016900062561035e-01 5.085933685302734375e+01 1.799900531768798828e-01 3.463004231452941895e-01 -1.005964279174804688e-01 2.568050861358642578e+00 -2.085450649261474609e+00 -3.750563621520996094e+00 9.411260375976562500e+02
1.401245474815368652e+00 5.541176605224609375e+01 3.117204271256923676e-02 1.355501294136047363e+00 -2.862967491149902344e+00 2.846454143524169922e+00 -1.946544647216796875e+00 -2.640437126159667969e+00 9.031389770507812500e+02
2.836432158946990967e-01 4.840363693237304688e+01 1.074241101741790771e-01 2.899472951889038086e+00 -2.854985237121582031e+00 2.484925270080566406e+00 -1.547474861145019531e-01 -2.649240493774414062e+00 9.918309326171875000e+02
5.744756460189819336e-01 5.082029724121093750e+01 5.061861872673034668e-01 2.697073459625244141e+00 -1.481463432312011719e+00 2.417394876480102539e+00 -3.301373958587646484e+00 -3.437303543090820312e+00 3.797295227050781250e+02
9.355273842811584473e-01 4.961103057861328125e+01 3.142652511596679688e-01 2.862923860549926758e+00 1.550203323364257812e+00 2.950554132461547852e+00 -3.297948837280273438e-01 -6.181460380554199219e+00 3.240389099121093750e+02
6.525524854660034180e-01 5.632122802734375000e+01 5.389798283576965332e-01 2.706542491912841797e+00 -4.492422103881835938e+00 2.897293567657470703e+00 -1.894107341766357422e+00 -4.694316864013671875e+00 6.292963867187500000e+02
1.101005747914314270e-01 5.417482757568359375e+01 1.597544103860855103e-01 1.094053387641906738e+00 -2.267017364501953125e+00 2.619205951690673828e+00 -2.402463436126708984e+00 -3.120985031127929688e+00 2.890490722656250000e+02
6.797623038291931152e-01 5.350020599365234375e+01 5.074753761291503906e-01 1.815667986869812012e+00 -1.199852943420410156e+00 2.746238470077514648e+00 -3.079751014709472656e+00 -1.305016517639160156e+00 9.751703491210937500e+02
1.369835376739501953e+00 5.599879455566406250e+01 5.550110340118408203e-01 2.086282253265380859e+00 -6.848278045654296875e-01 2.266512155532836914e+00 -7.255616188049316406e-01 -1.534960746765136719e+00 8.321350097656250000e+02
1.504501551389694214e-01 5.320707702636718750e+01 5.312026143074035645e-01 2.494033336639404297e+00 1.686635971069335938e+00 2.926399230957031250e+00 -3.489056587219238281e+00 -6.459341049194335938e+00 2.499388122558593750e+02
2.726415097713470459e-01 5.520363235473632812e+01 3.089138269424438477e-01 1.051033020019531250e+00 -4.596000671386718750e+00 2.143015146255493164e+00 -1.121873378753662109e+00 -4.697391510009765625e+00 9.198964843750000000e+02
1.136761069297790527e+00 4.804633712768554688e+01 4.461885094642639160e-01 2.865013599395751953e+00 -2.087268829345703125e-01 2.468094825744628906e+00 -1.116483688354492188e+00 -4.063578605651855469e+00 2.005428161621093750e+02
4.778220951557159424e-01 5.135329437255859375e+01 4.204536974430084229e-01 2.113754272460937500e+00 -4.477771759033203125e+00 2.130771636962890625e+00 -3.987685680389404297e+00 -5.555494308471679688e+00 3.981750488281250000e+02
1.051633596420288086e+00 5.111671447753906250e+01 4.687417149543762207e-01 1.104911804199218750e+00 1.304786682128906250e+00 2.627486228942871094e+00 -3.595369338989257812e+00 -4.901192665100097656e+00 5.678282470703125000e+02
2.319224774837493896e-01 5.276507949829101562e+01 4.946123808622360229e-02 3.453652620315551758e+00 -4.923582077026367188e+00 2.649291992187500000e+00 -6.116514205932617188e-01 -2.575401306152343750e+00 6.466731567382812500e+02
1.546002507209777832e+00 5.059988784790039062e+01 3.897840678691864014e-01 1.449994087219238281e+00 -1.329758644104003906e+00 2.026593685150146484e+00 -2.634965419769287109e+00 -4.557509422302246094e+00 4.272873229980468750e+02
1.570607423782348633e+00 5.178830718994140625e+01 6.522920727729797363e-02 6.563197970390319824e-01 -5.710498809814453125e+00 2.288902759552001953e+00 -1.762412071228027344e+00 -2.918571472167968750e+00 1.774347229003906250e+02
6.333039402961730957e-01 4.816798019409179688e+01 4.838036745786666870e-02 2.111995458602905273e+00 -4.137373924255371094e+00 2.978261947631835938e+00 -2.655012607574462891e+00 -7.979346275329589844e+00 5.085796203613281250e+02
5.973840355873107910e-01 4.799867630004882812e+01 5.654866695404052734e-01 2.576013565063476562e+00 1.709495544433593750e+00 2.563025236129760742e+00 -8.787784576416015625e-01 -1.885688781738281250e+00 6.573171997070312500e+02
1.814173907041549683e-01 5.025170516967773438e+01 3.251762986183166504e-01 1.216837763786315918e+00 -9.290342330932617188e-01 2.104673147201538086e+00 -1.539624214172363281e+00 -5.658638000488281250e+00 5.977396850585937500e+02
1.480118632316589355e+00 5.285694503784179688e+01 3.146297484636306763e-02 4.754989743232727051e-01 -1.830842018127441406e+00 2.065001964569091797e+00 -6.710491180419921875e-01 -8.031511306762695312e-01 1.044493560791015625e+02
8.964853882789611816e-01 5.363756561279296875e+01 3.779062256217002869e-02 6.126773953437805176e-01 5.216131210327148438e-01 2.558946132659912109e+00 -2.058405876159667969e-01 -7.719683647155761719e+00 5.338610839843750000e+02
9.641636610031127930e-01 5.052894210815429688e+01 9.967651963233947754e-02 1.102817416191101074e+00 -2.076383590698242188e+00 2.645500659942626953e+00 -7.427134513854980469e-01 -7.872022628784179688e+00 9.018861694335937500e+02
7.094530016183853149e-02 5.166189575195312500e+01 6.042820811271667480e-01 1.510953187942504883e+00 -3.641834259033203125e+00 2.568979263305664062e+00 -1.918063163757324219e+00 -1.497311592102050781e+00 9.305997924804687500e+02
1.404987335205078125e+00 5.571589660644531250e+01 3.011727929115295410e-01 8.711771368980407715e-01 -5.924531936645507812e+00 2.118287563323974609e+00 -2.844270706176757812e+00 -6.201069831848144531e+00 5.855955810546875000e+02
3.563823997974395752e-01 5.621524047851562500e+01 1.222867071628570557e-01 1.840938687324523926e+00 1.577792167663574219e+00 2.687655448913574219e+00 -1.774908542633056641e+00 -6.482621192932128906e+00 9.334486083984375000e+02
6.967010349035263062e-02 5.052813720703125000e+01 2.748244814574718475e-02 4.555497169494628906e-01 -3.204441070556640625e-01 2.411169052124023438e+00 -1.403081893920898438e+00 -6.909465789794921875e-01 3.757620849609375000e+02
1.193919301033020020e+00 4.731590270996093750e+01 1.045285835862159729e-01 2.291706800460815430e+00 -2.803788185119628906e+00 2.606433153152465820e+00 -2.309762477874755859e+00 -6.623930931091308594e+00 4.118929443359375000e+02
1.344294905662536621e+00 4.768146514892578125e+01 4.340638965368270874e-02 3.461299896240234375e+00 1.355358123779296875e+00 2.289899587631225586e+00 -3.051758766174316406e+00 -4.797420501708984375e-01 2.529625244140625000e+02
4.671950936317443848e-01 4.720036697387695312e+01 2.362793534994125366e-01 2.034482955932617188e+00 -8.719263076782226562e-01 2.805509090423583984e+00 -2.135198116302490234e+00 -3.821355819702148438e+00 2.953309020996093750e+02
3.042225539684295654e-01 5.242537307739257812e+01 1.852276921272277832e-01 2.500460147857666016e+00 1.177075386047363281e+00 2.434859275817871094e+00 -3.013489723205566406e+00 -3.784350395202636719e+00 9.871588745117187500e+02
3.341308832168579102e-01 5.664774703979492188e+01 3.545109927654266357e-01 2.050412416458129883e+00 -4.118551254272460938e+00 2.518234252929687500e+00 -2.324779510498046875e+00 -6.013777732849121094e+00 6.961020507812500000e+02
9.317455887794494629e-01 5.042094421386718750e+01 9.738475084304809570e-02 1.146999120712280273e+00 -8.900823593139648438e-01 2.705082416534423828e+00 -2.338390350341796875e-01 -7.037509918212890625e+00 9.582508544921875000e+02
2.895068526268005371e-01 5.544335937500000000e+01 5.651227831840515137e-01 1.619469165802001953e+00 -5.559401512145996094e+00 2.512320518493652344e+00 -1.890634059906005859e+00 -2.504531860351562500e+00 7.385456542968750000e+02
2.349795699119567871e-01 4.879516601562500000e+01 4.365877807140350342e-01 2.457670450210571289e+00 1.995684623718261719e+00 2.102213382720947266e+00 -4.424390792846679688e-01 -6.830879211425781250e+00 4.553207092285156250e+02
4.818729758262634277e-01 4.999227523803710938e+01 5.569733381271362305e-01 3.662815093994140625e-01 -5.360132217407226562e+00 2.533937931060791016e+00 -7.067618370056152344e-01 -2.035036087036132812e+00 9.145614624023437500e+02
3.427499532699584961e-01 5.412296295166015625e+01 7.129453122615814209e-02 1.732678294181823730e+00 1.672213554382324219e+00 2.302210330963134766e+00 -8.966460227966308594e-01 -1.564122200012207031e+00 3.847680969238281250e+02
1.205174326896667480e+00 4.802504730224609375e+01 6.979145109653472900e-02 2.444023847579956055e+00 -2.133111953735351562e+00 2.207082271575927734e+00 -1.070493221282958984e+00 -1.342872619628906250e+00 7.793449707031250000e+02
6.370308399200439453e-01 5.514674377441406250e+01 5.393643975257873535e-01 6.862701773643493652e-01 -4.056855201721191406e+00 2.898857593536376953e+00 -3.630549430847167969e+00 -1.499558448791503906e+00 4.401633300781250000e+02
1.480821251869201660e+00 4.922238159179687500e+01 4.093563258647918701e-01 3.455742001533508301e-01 -4.366598129272460938e-01 2.527097225189208984e+00 -2.367725372314453125e+00 -2.512570381164550781e+00 9.292694091796875000e+02
8.932841420173645020e-01 5.454987335205078125e+01 2.555972337722778320e-01 1.496448397636413574e+00 -1.966543197631835938e-01 2.595165729522705078e+00 -2.886185646057128906e-01 -5.281151771545410156e+00 5.422419433593750000e+02
3.971823155879974365e-01 5.232347106933593750e+01 1.738563328981399536e-01 1.176382660865783691e+00 8.810033798217773438e-01 2.773501396179199219e+00 -1.080726623535156250e+00 -1.297892570495605469e+00 1.385136260986328125e+02
5.583134293556213379e-01 5.080390167236328125e+01 1.649336665868759155e-01 3.188346147537231445e+00 -5.486280441284179688e+00 2.645605087280273438e+00 -2.587381362915039062e+00 -6.721503257751464844e+00 2.237770690917968750e+02
5.603374242782592773e-01 5.355330657958984375e+01 3.125160038471221924e-01 8.686602115631103516e-01 1.659488677978515625e-02 2.609527111053466797e+00 -3.897113323211669922e+00 -3.356402397155761719e+00 1.527206420898437500e+02
9.179856777191162109e-01 5.315775299072265625e+01 1.140564680099487305e-01 1.733090996742248535e+00 -5.801048278808593750e+00 2.275460004806518555e+00 -2.013206481933593750e-03 -2.837054252624511719e+00 8.666640625000000000e+02
4.058738797903060913e-02 4.904293823242187500e+01 3.518073260784149170e-01 5.647746324539184570e-01 -3.292316436767578125e+00 2.585470438003540039e+00 -1.764693260192871094e+00 -1.186421394348144531e+00 4.478158874511718750e+02
1.402506232261657715e+00 5.360848999023437500e+01 4.452717900276184082e-01 3.021681785583496094e+00 -4.579591751098632812e-01 2.338426351547241211e+00 -2.053098678588867188e-01 -2.667029380798339844e+00 4.331253051757812500e+02
1.311928510665893555e+00 5.102344894409179688e+01 1.873539090156555176e-01 3.398617804050445557e-01 -9.626684188842773438e-01 2.097965478897094727e+00 -8.717770576477050781e-01 -7.650871276855468750e+00 8.527541503906250000e+02
6.892551183700561523e-01 5.488723373413085938e+01 4.486175179481506348e-01 2.396369218826293945e+00 -2.410255432128906250e+00 2.334488391876220703e+00 -3.267244815826416016e+00 -6.601016998291015625e+00 8.262927246093750000e+02
1.508022308349609375e+00 4.784029769897460938e+01 4.516297876834869385e-01 1.671614646911621094e+00 4.879674911499023438e-01 2.525915622711181641e+00 -2.622115135192871094e+00 -6.807176589965820312e+00 2.861485290527343750e+02
1.183110594749450684e+00 5.686330413818359375e+01 4.683689028024673462e-02 2.559456825256347656e+00 -7.679414749145507812e-01 2.489166021347045898e+00 -8.876910209655761719e-01 -5.845697402954101562e+00 3.732462768554687500e+02
3.477417826652526855e-01 4.744456863403320312e+01 5.917752981185913086e-01 2.193705320358276367e+00 1.873636245727539062e+00 2.884376525878906250e+00 -1.057274818420410156e+00 -3.763274192810058594e+00 6.099132690429687500e+02
9.068103432655334473e-01 5.243133163452148438e+01 5.918627977371215820e-01 1.625363349914550781e+00 -2.744626998901367188e+00 2.932119607925415039e+00 -2.886391162872314453e+00 -4.707841873168945312e-01 9.444952392578125000e+02
1.279512882232666016e+00 5.109074401855468750e+01 2.596179246902465820e-01 2.077832221984863281e+00 -2.458116531372070312e+00 2.876483917236328125e+00 -1.235432147979736328e+00 -2.286471366882324219e+00 8.199997558593750000e+02
8.111410588026046753e-02 5.007266616821289062e+01 4.098452329635620117e-01 2.878971576690673828e+00 1.569834709167480469e+00 2.354880094528198242e+00 -3.271392345428466797e+00 -5.942542076110839844e+00 7.495740356445312500e+02
2.432005703449249268e-01 5.266495513916015625e+01 5.247750282287597656e-01 2.122687816619873047e+00 -2.104565620422363281e+00 2.729679822921752930e+00 -1.802714824676513672e+00 -3.215933799743652344e+00 4.447634277343750000e+02
6.099748015403747559e-01 4.771900939941406250e+01 8.352658897638320923e-02 1.790777444839477539e+00 -6.179561614990234375e-01 2.342911243438720703e+00 -2.555179119110107422e+00 -6.831666946411132812e+00 7.533301391601562500e+02
8.164631724357604980e-01 5.123154830932617188e+01 2.881317138671875000e-01 2.057686328887939453e+00 2.590255737304687500e-01 2.699193716049194336e+00 -1.327249050140380859e+00 -6.870244026184082031e+00 9.244922485351562500e+02
3.462285697460174561e-01 4.710002517700195312e+01 3.319193720817565918e-01 2.556057572364807129e-01 -1.285495758056640625e+00 2.055840015411376953e+00 -2.624199867248535156e+00 -2.930562973022460938e+00 6.447528686523437500e+02
1.023595333099365234e+00 4.951450347900390625e+01 1.098922640085220337e-01 8.800516724586486816e-01 -1.865478515625000000e+00 2.606739759445190430e+00 -3.701980590820312500e+00 -6.733916282653808594e+00 8.821549072265625000e+02
9.430277943611145020e-01 4.849234390258789062e+01 1.938322931528091431e-01 1.173064827919006348e+00 -1.535051345825195312e+00 2.464501619338989258e+00 -1.414784908294677734e+00 -5.822052955627441406e+00 2.997358398437500000e+02
1.034101366996765137e+00 5.044427871704101562e+01 5.949545502662658691e-01 1.707519888877868652e+00 -3.648033142089843750e-01 2.542322635650634766e+00 -1.521777629852294922e+00 -2.868431091308593750e+00 9.120152587890625000e+02
1.295298933982849121e+00 4.938778305053710938e+01 4.799797236919403076e-01 2.532683849334716797e+00 -1.451499938964843750e+00 2.690256595611572266e+00 -3.313511371612548828e+00 -7.233515739440917969e+00 7.678777465820312500e+02
8.742679655551910400e-02 5.296720886230468750e+01 3.874516785144805908e-01 2.952376127243041992e+00 3.834514617919921875e-01 2.649052381515502930e+00 -2.426702022552490234e+00 -4.817811965942382812e+00 3.624034118652343750e+02
8.994736075401306152e-01 4.918479537963867188e+01 7.873268425464630127e-02 2.862561941146850586e+00 -5.655253410339355469e+00 2.404395341873168945e+00 -2.198580741882324219e+00 -4.353274345397949219e+00 2.442558593750000000e+02
2.229292541742324829e-01 5.634112548828125000e+01 3.389370143413543701e-01 3.222575902938842773e+00 1.286390304565429688e+00 2.212812662124633789e+00 -3.650095462799072266e+00 -4.041194915771484375e+00 5.784161376953125000e+02
4.881478250026702881e-01 4.722921752929687500e+01 3.711036145687103271e-01 2.724267005920410156e+00 -3.559077262878417969e+00 2.726615428924560547e+00 -2.973029136657714844e+00 -1.045780181884765625e-01 8.049069824218750000e+02
6.678795814514160156e-01 4.820418930053710938e+01 3.457457721233367920e-01 4.732857346534729004e-01 -2.411005973815917969e+00 2.403532028198242188e+00 -1.684981822967529297e+00 -7.605009078979492188e-01 5.492899780273437500e+02
1.217196345329284668e+00 5.146555709838867188e+01 4.107476770877838135e-01 1.813089013099670410e+00 -5.753826141357421875e+00 2.956742286682128906e+00 -5.310964584350585938e-02 -3.210641860961914062e+00 7.221597290039062500e+02
4.270074963569641113e-01 4.889358139038085938e+01 1.746098548173904419e-01 2.896856546401977539e+00 -1.729598999023437500e+00 2.925889730453491211e+00 -2.080135345458984375e-01 -7.162339210510253906e+00 9.931831054687500000e+02
1.523806929588317871e+00 5.194105911254882812e+01 3.055935800075531006e-01 2.877677679061889648e+00 9.872007369995117188e-01 2.833402395248413086e+00 -2.279420852661132812e+00 -7.077571868896484375e+00 8.170991210937500000e+02
5.040391087532043457e-01 5.494296264648437500e+01 3.096916079521179199e-01 2.716118097305297852e+00 1.850576400756835938e+00 2.910018920898437500e+00 -5.145573616027832031e-01 -3.468994140625000000e+00 8.668455810546875000e+02
7.855438590049743652e-01 5.210563278198242188e+01 3.713211417198181152e-01 3.276234388351440430e+00 -2.922777175903320312e+00 2.778022527694702148e+00 -3.641291618347167969e+00 -1.365174293518066406e+00 4.156720886230468750e+02
3.479217290878295898e-01 4.704373550415039062e+01 3.678297400474548340e-01 2.958359241485595703e+00 1.152296066284179688e+00 2.062978029251098633e+00 -1.426455974578857422e+00 -7.771753311157226562e+00 7.953383178710937500e+02
1.259203195571899414e+00 5.002422332763671875e+01 2.914738953113555908e-01 1.789080739021301270e+00 -5.650067329406738281e+00 2.463108301162719727e+00 -2.289131164550781250e+00 -6.016707420349121094e+00 3.807316894531250000e+02
4.047291874885559082e-01 5.128153228759765625e+01 5.817435979843139648e-01 2.255006313323974609e+00 -3.645529747009277344e+00 2.623391628265380859e+00 -1.015704154968261719e+00 -7.074449539184570312e+00 6.097822265625000000e+02
6.836079359054565430e-01 4.929828643798828125e+01 2.490071058273315430e-01 1.574563622474670410e+00 1.662338256835937500e+00 2.266616344451904297e+00 -2.152455806732177734e+00 -4.821172714233398438e+00 5.597335205078125000e+02
8.848695158958435059e-01 5.260594940185546875e+01 4.254878312349319458e-02 2.354140758514404297e+00 -5.455089569091796875e+00 2.253699064254760742e+00 -2.218620777130126953e+00 -5.715919494628906250e+00 4.942128295898437500e+02
2.690276801586151123e-01 4.742336654663085938e+01 1.292318999767303467e-01 2.949052572250366211e+00 -4.495487213134765625e+00 2.885772228240966797e+00 -3.108146667480468750e+00 -1.525963783264160156e+00 1.665858459472656250e+02
1.230945706367492676e+00 4.837963867187500000e+01 2.498626559972763062e-01 2.913137912750244141e+00 -4.766362190246582031e+00 2.625338315963745117e+00 -2.267863750457763672e+00 -4.744050979614257812e+00 2.445590515136718750e+02
2.962178289890289307e-01 4.798061752319335938e+01 4.377114772796630859e-01 3.441528975963592529e-01 -4.415694236755371094e+00 2.791523456573486328e+00 -2.562889099121093750e+00 -2.812756538391113281e+00 5.789045410156250000e+02
2.441731542348861694e-01 5.463131332397460938e+01 4.271801561117172241e-02 2.576437234878540039e+00 -5.316487312316894531e+00 2.574265718460083008e+00 -1.773192405700683594e+00 -5.647912979125976562e+00 7.282480468750000000e+02
1.432767271995544434e+00 4.879236221313476562e+01 5.411973595619201660e-01 8.847793936729431152e-01 -4.350538253784179688e+00 2.696394681930541992e+00 -2.914406776428222656e+00 -6.932477951049804688e-01 4.608293151855468750e+02
8.773018121719360352e-01 4.879084014892578125e+01 4.654376804828643799e-01 3.333666086196899414e+00 -2.007666587829589844e+00 2.099975824356079102e+00 -1.283996105194091797e+00 -4.163692474365234375e+00 4.472919921875000000e+02
3.521751761436462402e-01 5.669547271728515625e+01 4.257456064224243164e-01 1.317778229713439941e+00 -4.657551765441894531e+00 2.373495817184448242e+00 -3.352365493774414062e+00 -5.302232742309570312e+00 4.262468566894531250e+02
1.563252806663513184e+00 4.719486618041992188e+01 1.835975348949432373e-01 1.693908929824829102e+00 -4.379673004150390625e-01 2.936245918273925781e+00 -2.936379909515380859e+00 -2.307578086853027344e+00 9.128108520507812500e+02
6.216382384300231934e-01 5.440001678466796875e+01 5.905567407608032227e-01 2.095649093389511108e-01 1.318749427795410156e+00 2.528867959976196289e+00 -3.336666584014892578e+00 -4.662825584411621094e+00 2.905314636230468750e+02
1.212584495544433594e+00 5.406861114501953125e+01 1.032935827970504761e-01 2.953661680221557617e-01 -5.676702499389648438e+00 2.074551582336425781e+00 -1.188920021057128906e+00 -3.870120048522949219e+00 5.089586486816406250e+02
1.159786105155944824e+00 4.933824157714843750e+01 2.351506352424621582e-01 2.474353551864624023e+00 1.759069442749023438e+00 2.679973602294921875e+00 -2.736746788024902344e+00 -2.165395736694335938e+00 8.014143676757812500e+02
9.032793045043945312e-01 5.343811035156250000e+01 2.686938941478729248e-01 1.700551748275756836e+00 -4.365959167480468750e-01 2.062304735183715820e+00 -2.736121177673339844e+00 -3.402695655822753906e+00 4.274113464355468750e+02
1.041240572929382324e+00 5.446924591064453125e+01 1.943601220846176147e-01 1.375175952911376953e+00 -3.375970840454101562e+00 2.401699066162109375e+00 -3.275035381317138672e+00 -3.211536407470703125e-01 2.042439422607421875e+02
4.033206701278686523e-01 4.772338867187500000e+01 2.482629418373107910e-01 1.109508633613586426e+00 -2.920563697814941406e+00 2.749692916870117188e+00 -8.391189575195312500e-01 -4.162258148193359375e+00 8.893320312500000000e+02
1.510582923889160156e+00 5.427791213989257812e+01 1.339239720255136490e-02 3.293720483779907227e+00 -5.821157455444335938e+00 2.815191745758056641e+00 -2.415293693542480469e+00 -6.560671806335449219e+00 5.927625732421875000e+02
1.113650560379028320e+00 4.776367568969726562e+01 3.080315887928009033e-01 7.473676800727844238e-01 6.553363800048828125e-02 2.846747398376464844e+00 -2.707071304321289062e+00 -6.382444381713867188e+00 5.356465454101562500e+02
1.333241343498229980e+00 4.902193450927734375e+01 5.637065172195434570e-01 9.408222436904907227e-01 -1.326182365417480469e+00 2.787827014923095703e+00 -1.805162429809570312e-01 -5.583555221557617188e+00 1.425257873535156250e+02
1.551799178123474121e+00 4.708560562133789062e+01 3.696780651807785034e-02 6.728925704956054688e-01 -2.813656806945800781e+00 2.468751907348632812e+00 -3.932545185089111328e+00 -4.184812545776367188e+00 8.111268920898437500e+02
1.029354929924011230e+00 5.341660308837890625e+01 7.863605022430419922e-02 1.274258613586425781e+00 1.047541618347167969e+00 2.226505517959594727e+00 -3.043163299560546875e+00 -6.443065643310546875e+00 3.869147033691406250e+02
1.040071964263916016e+00 5.634246063232421875e+01 2.794066667556762695e-01 2.914491415023803711e+00 -4.922352790832519531e+00 2.843723297119140625e+00 -2.831667900085449219e+00 -1.955498695373535156e+00 9.208195800781250000e+02
1.319013815373182297e-02 5.077597045898437500e+01 5.997072458267211914e-01 1.176041126251220703e+00 8.009443283081054688e-01 2.127254486083984375e+00 -5.077776908874511719e-01 -3.179517745971679688e+00 6.171851806640625000e+02
2.745604701340198517e-02 5.140507125854492188e+01 2.664528191089630127e-01 2.592699050903320312e+00 -5.349986076354980469e+00 2.208397388458251953e+00 -1.125895023345947266e+00 -1.790214538574218750e+00 9.354138793945312500e+02
3.829315677285194397e-02 5.446468353271484375e+01 9.770222008228302002e-02 2.825261116027832031e+00 -4.106068611145019531e+00 2.094695806503295898e+00 -3.790269374847412109e+00 -2.344199180603027344e+00 1.545442199707031250e+02
1.163749575614929199e+00 5.187514495849609375e+01 5.059646368026733398e-01 2.446664333343505859e+00 -1.954171180725097656e+00 2.980533361434936523e+00 -2.970330238342285156e+00 -5.781991004943847656e+00 1.308910064697265625e+02
5.428037643432617188e-01 4.754965972900390625e+01 7.195702940225601196e-02 2.278022766113281250e+00 1.819760322570800781e+00 2.735841035842895508e+00 -2.165076255798339844e+00 -3.306460380554199219e+00 5.808418579101562500e+02
7.884356379508972168e-01 4.978187561035156250e+01 1.923302412033081055e-01 1.052560210227966309e+00 -3.200048446655273438e+00 2.869630098342895508e+00 -4.388246536254882812e-01 -1.911702156066894531e+00 7.967008666992187500e+02
1.456105470657348633e+00 5.365629577636718750e+01 1.803803443908691406e-01 1.760792016983032227e+00 3.497734069824218750e-01 2.586196422576904297e+00 -2.583034515380859375e+00 -2.078784942626953125e+00 9.755289306640625000e+02
4.157470166683197021e-01 4.943754196166992188e+01 1.134723275899887085e-01 2.842674970626831055e+00 1.140979766845703125e+00 2.829456090927124023e+00 -1.906822204589843750e+00 -3.799169540405273438e+00 1.721440124511718750e+02
8.942714929580688477e-01 5.634666442871093750e+01 4.134725630283355713e-01 1.686893582344055176e+00 -4.576695442199707031e+00 2.534795284271240234e+00 -1.663218498229980469e+00 -4.522666931152343750e+00 1.112768630981445312e+02
7.014601230621337891e-01 5.162068939208984375e+01 6.108289361000061035e-01 2.521754980087280273e+00 -1.052529335021972656e+00 2.579756021499633789e+00 -3.566659927368164062e+00 -6.360318183898925781e+00 2.651240844726562500e+02
2.619423866271972656e-01 4.944419860839843750e+01 9.007949382066726685e-02 3.175987005233764648e+00 -1.119993209838867188e+00 2.262173414230346680e+00 -6.880607604980468750e-01 -6.296277999877929688e+00 4.587524414062500000e+02
1.344396352767944336e+00 5.657154083251953125e+01 4.235610365867614746e-02 2.378122568130493164e+00 -4.830873489379882812e+00 2.600358963012695312e+00 -3.710345745086669922e+00 -6.590648651123046875e+00 8.249129028320312500e+02
1.296486973762512207e+00 4.955175781250000000e+01 2.484562098979949951e-01 1.769953727722167969e+00 1.333940505981445312e+00 2.518659114837646484e+00 -1.256257534027099609e+00 -6.815914154052734375e+00 6.286827392578125000e+02
1.346288204193115234e+00 5.260555267333984375e+01 5.670307874679565430e-01 4.475339949131011963e-01 1.961313247680664062e+00 2.467592954635620117e+00 -1.111075878143310547e+00 -5.065143585205078125e+00 3.145469970703125000e+02
3.768064975738525391e-01 4.850708007812500000e+01 2.264235317707061768e-01 2.849981784820556641e+00 -1.103722572326660156e+00 2.494163513183593750e+00 -2.618278503417968750e+00 -7.458251953125000000e+00 7.794293212890625000e+02
1.071121573448181152e+00 4.783763122558593750e+01 3.644756078720092773e-01 3.319719314575195312e+00 -4.478553771972656250e+00 2.250574827194213867e+00 -2.248144149780273438e+00 -5.067631721496582031e+00 1.463247528076171875e+02
9.590698480606079102e-01 4.710530471801757812e+01 3.058084547519683838e-01 2.464055776596069336e+00 -2.736827850341796875e+00 2.675547838211059570e+00 -2.639039993286132812e+00 -5.728721618652343750e-03 8.457037963867187500e+02
1.368038415908813477e+00 5.419241333007812500e+01 3.642826378345489502e-01 2.649436712265014648e+00 -3.453469276428222656e+00 2.364974021911621094e+00 -2.172179222106933594e+00 -1.471838951110839844e+00 3.991250000000000000e+02
5.939794182777404785e-01 4.835136032104492188e+01 2.305134385824203491e-01 2.045760154724121094e+00 -2.607946395874023438e+00 2.128023862838745117e+00 -4.257774353027343750e-01 -4.604852676391601562e+00 2.546782684326171875e+02
1.357983827590942383e+00 5.408902740478515625e+01 2.322409600019454956e-01 3.007913112640380859e+00 -4.100941658020019531e+00 2.240322113037109375e+00 -4.338026046752929688e-02 -1.032953262329101562e+00 4.538642578125000000e+02
1.163123726844787598e+00 4.805057144165039062e+01 2.866690754890441895e-01 1.848080277442932129e+00 1.056356430053710938e+00 2.413872480392456055e+00 -1.791240692138671875e+00 -3.190491676330566406e+00 4.305964355468750000e+02
1.103341937065124512e+00 4.954309844970703125e+01 5.198634862899780273e-01 1.986300826072692871e+00 -2.840391159057617188e+00 2.355151176452636719e+00 -2.914903640747070312e+00 -7.165918350219726562e+00 5.727414550781250000e+02
1.569773554801940918e+00 4.991145706176757812e+01 3.692122399806976318e-01 7.253252267837524414e-01 -5.031538009643554688e+00 2.306351900100708008e+00 -1.409580230712890625e+00 -6.033069610595703125e+00 8.514998168945312500e+02
1.261804461479187012e+00 5.587870788574218750e+01 1.022847965359687805e-01 2.817235469818115234e+00 9.075441360473632812e-01 2.788835763931274414e+00 -2.922619819641113281e+00 -4.649889945983886719e+00 7.099257202148437500e+02
1.427268624305725098e+00 5.685063171386718750e+01 4.079833328723907471e-01 2.716147184371948242e+00 -4.443764686584472656e+00 2.336988210678100586e+00 -1.435402870178222656e+00 -2.841197013854980469e+00 3.026831665039062500e+02
1.027646541595458984e+00 5.446951293945312500e+01 3.318331539630889893e-01 2.839988470077514648e+00 -1.575208663940429688e+00 2.989773988723754883e+00 -3.541150093078613281e+00 -7.890013694763183594e+00 9.610310668945312500e+02
5.671965479850769043e-01 5.286594009399414062e+01 4.901002347469329834e-01 1.484983086585998535e+00 -4.977576255798339844e+00 2.108005523681640625e+00 -4.220700263977050781e-01 -7.426948547363281250e+00 4.444545288085937500e+02
8.320555686950683594e-01 5.492371368408203125e+01 8.397311717271804810e-02 1.776770353317260742e+00 -9.188404083251953125e-01 2.080307006835937500e+00 -1.314488887786865234e+00 -1.695261001586914062e-01 8.936260375976562500e+02
1.021195173263549805e+00 5.205002593994140625e+01 5.412934422492980957e-01 1.210541129112243652e+00 -4.073058128356933594e+00 2.597064971923828125e+00 -3.346322059631347656e+00 -6.628433227539062500e+00 5.365836181640625000e+02
9.724897146224975586e-01 5.362517166137695312e+01 2.321384400129318237e-01 9.709768295288085938e-01 7.841854095458984375e-01 2.703291177749633789e+00 -2.683403015136718750e+00 -6.780248641967773438e+00 2.876079711914062500e+02
1.477917097508907318e-02 4.843030929565429688e+01 4.404239952564239502e-01 1.060317039489746094e+00 -3.700405120849609375e+00 2.581863641738891602e+00 -7.964787483215332031e-01 -1.812434196472167969e+00 1.479273223876953125e+02
5.298600345849990845e-02 5.186785507202148438e+01 1.340381056070327759e-01 7.143224477767944336e-01 -3.014215469360351562e+00 2.579168319702148438e+00 -2.910974025726318359e+00 -3.690621376037597656e+00 7.209268798828125000e+02
1.484091639518737793e+00 5.111639785766601562e+01 3.915913403034210205e-01 3.097194135189056396e-01 -3.675316810607910156e+00 2.147139310836791992e+00 -2.793944358825683594e+00 -7.865868568420410156e+00 7.365229492187500000e+02
8.288297653198242188e-01 4.969494628906250000e+01 5.232547521591186523e-01 1.426967024803161621e+00 -2.872304916381835938e+00 2.172333717346191406e+00 -1.952799797058105469e+00 -6.493024826049804688e-01 8.051355590820312500e+02
3.335500061511993408e-01 4.780029678344726562e+01 2.851763963699340820e-01 2.198407888412475586e+00 -2.542351722717285156e+00 2.088204860687255859e+00 -1.977231979370117188e+00 -7.092660903930664062e+00 5.703650512695312500e+02
1.411325335502624512e+00 5.025620651245117188e+01 3.915604650974273682e-01 1.333872318267822266e+00 -3.749335289001464844e+00 2.491417407989501953e+00 -1.724365234375000000e+00 -1.472141265869140625e+00 4.649198913574218750e+02
2.257987260818481445e-01 5.416143035888671875e+01 3.422793745994567871e-01 3.052715539932250977e+00 -1.198669433593750000e+00 2.668206214904785156e+00 -3.300604343414306641e+00 -4.523323059082031250e+00 4.312399291992187500e+02
1.358329772949218750e+00 5.069532775878906250e+01 2.744337916374206543e-01 2.206382513046264648e+00 1.282590866088867188e+00 2.129689693450927734e+00 -2.339506149291992188e-01 -1.024770736694335938e+00 2.244166259765625000e+02
1.030675053596496582e+00 5.346022033691406250e+01 6.640996038913726807e-02 2.578493118286132812e+00 1.976091384887695312e+00 2.404503345489501953e+00 -3.448849678039550781e+00 -4.721422195434570312e-01 9.520739746093750000e+02
8.758305907249450684e-01 5.522523498535156250e+01 3.109731972217559814e-01 9.599532485008239746e-01 -3.595566749572753906e+00 2.085649728775024414e+00 -1.970249176025390625e+00 -3.545366287231445312e+00 4.689863586425781250e+02
4.459650516510009766e-01 4.834243392944335938e+01 6.049937009811401367e-01 2.560991764068603516e+00 -4.470130920410156250e+00 2.847090005874633789e+00 -3.392435073852539062e+00 -6.229486465454101562e+00 2.843426513671875000e+02
1.234512209892272949e+00 5.196798324584960938e+01 1.208637505769729614e-01 2.712152242660522461e+00 -1.618004798889160156e+00 2.902464389801025391e+00 -7.715730667114257812e-01 -6.013973236083984375e+00 4.964489440917968750e+02
1.342178344726562500e+00 5.552648162841796875e+01 8.679441362619400024e-02 2.554369449615478516e+00 -2.866935729980468750e-01 2.111728668212890625e+00 -3.892477035522460938e+00 -5.501180648803710938e+00 7.689945068359375000e+02
1.142193436622619629e+00 4.956191253662109375e+01 4.846731722354888916e-01 4.666614532470703125e-01 1.591268539428710938e+00 2.064518213272094727e+00 -2.232647895812988281e+00 -6.383311271667480469e+00 6.515332031250000000e+02
5.121840834617614746e-01 5.082876968383789062e+01 4.833201318979263306e-02 3.176416158676147461e+00 -5.378433227539062500e+00 2.425347328186035156e+00 -3.954323768615722656e+00 -6.084602355957031250e+00 8.305715332031250000e+02
1.212983012199401855e+00 4.993290710449218750e+01 4.152619242668151855e-01 4.177554845809936523e-01 -2.380043029785156250e+00 2.368696212768554688e+00 -1.678979396820068359e+00 -7.191184997558593750e+00 5.807341308593750000e+02
2.505178749561309814e-01 5.031546783447265625e+01 5.242342948913574219e-01 1.147111177444458008e+00 -4.390585899353027344e+00 2.900933027267456055e+00 -5.457649230957031250e-01 -2.085304260253906250e+00 1.102423934936523438e+02
3.901357650756835938e-01 5.290514373779296875e+01 5.894532203674316406e-01 6.134862303733825684e-01 -4.803435325622558594e+00 2.887353181838989258e+00 -1.930409431457519531e+00 -4.140131950378417969e+00 4.184435424804687500e+02
1.445571184158325195e+00 4.969466400146484375e+01 1.091295182704925537e-01 1.763424158096313477e+00 -5.646845817565917969e+00 2.829840660095214844e+00 -1.830253601074218750e-01 -6.152511596679687500e+00 3.954145202636718750e+02
9.908664226531982422e-01 4.860733032226562500e+01 6.930865347385406494e-02 8.207873702049255371e-01 1.874438285827636719e+00 2.691205978393554688e+00 -2.789878845214843750e-01 -3.608572959899902344e+00 8.159691162109375000e+02
6.146808266639709473e-01 4.997047424316406250e+01 3.878667354583740234e-01 1.199536442756652832e+00 1.932120323181152344e+00 2.880032300949096680e+00 -2.741641998291015625e+00 -6.368586540222167969e+00 9.604775390625000000e+02
7.932545989751815796e-02 4.973691177368164062e+01 1.268380433320999146e-01 1.920034170150756836e+00 -2.508947372436523438e+00 2.437827825546264648e+00 -1.822849273681640625e+00 -1.949728965759277344e+00 7.383281860351562500e+02
1.013347148895263672e+00 5.585642242431640625e+01 8.026590943336486816e-02 2.058710336685180664e+00 -5.107029914855957031e+00 2.371516227722167969e+00 -2.193303585052490234e+00 -3.405446052551269531e+00 2.762352905273437500e+02
1.457509994506835938e+00 5.665541458129882812e+01 3.355425596237182617e-02 2.374279499053955078e+00 1.926979064941406250e+00 2.211405754089355469e+00 -2.485559463500976562e+00 -3.636417388916015625e-01 5.857036132812500000e+02
8.890321254730224609e-01 5.395437622070312500e+01 1.686500906944274902e-01 3.126562595367431641e+00 1.824378967285156250e-01 2.343024253845214844e+00 -4.527444839477539062e-01 -1.910035133361816406e+00 5.946113281250000000e+02
9.541626572608947754e-01 5.148429107666015625e+01 4.602233320474624634e-02 2.674657821655273438e+00 -4.901243209838867188e+00 2.742598533630371094e+00 -8.789348602294921875e-02 -7.407045364379882812e-01 4.621986389160156250e+02
8.965922892093658447e-02 5.229996490478515625e+01 3.493674993515014648e-01 3.185066461563110352e+00 -4.244031906127929688e-01 2.211017608642578125e+00 -1.227368354797363281e+00 -4.289098739624023438e+00 9.643593139648437500e+02
6.188668608665466309e-01 5.602996826171875000e+01 4.938805699348449707e-01 1.858518123626708984e+00 1.772130966186523438e+00 2.341933727264404297e+00 -2.464725971221923828e+00 -1.194813728332519531e+00 6.101983642578125000e+02
6.975054740905761719e-01 5.214615249633789062e+01 3.501479327678680420e-01 5.758969783782958984e-01 -4.050149917602539062e-01 2.256648778915405273e+00 -4.111790657043457031e-01 -2.226241111755371094e+00 4.187202453613281250e+02
3.428945243358612061e-01 5.697256851196289062e+01 5.213285088539123535e-01 1.073745489120483398e+00 -4.506526947021484375e+00 2.433602571487426758e+00 -1.078185558319091797e+00 -1.898246765136718750e+00 8.470213623046875000e+02
1.554124951362609863e+00 4.831600570678710938e+01 1.790269613265991211e-01 2.176354169845581055e+00 -3.682355880737304688e+00 2.453177690505981445e+00 -1.723075389862060547e+00 -3.295840263366699219e+00 2.342086181640625000e+02
9.983378052711486816e-01 5.628772735595703125e+01 1.093584597110748291e-01 1.620870828628540039e+00 8.701753616333007812e-01 2.159429073333740234e+00 -2.440104961395263672e+00 -4.837294578552246094e+00 7.221376342773437500e+02
6.012440919876098633e-01 5.239768981933593750e+01 1.844215244054794312e-01 3.492007493972778320e+00 -1.435829162597656250e+00 2.617461204528808594e+00 -3.584032058715820312e-01 -1.636460304260253906e+00 9.285032348632812500e+02
9.822587370872497559e-01 5.370786285400390625e+01 3.762644529342651367e-01 4.138416647911071777e-01 -7.967529296875000000e-01 2.435089588165283203e+00 -3.778616905212402344e+00 -3.831236839294433594e+00 1.459221038818359375e+02
9.621838331222534180e-01 5.219293975830078125e+01 2.323871254920959473e-01 2.423953056335449219e+00 -2.328454971313476562e+00 2.037820339202880859e+00 -1.400181293487548828e+00 -4.518985748291015625e-01 6.924750976562500000e+02
1.174252986907958984e+00 4.859156799316406250e+01 2.465532422065734863e-01 3.271119117736816406e+00 -5.952561378479003906e+00 2.629140138626098633e+00 -4.585313796997070312e-01 -1.429422378540039062e+00 1.313959045410156250e+02
5.608055591583251953e-01 5.601145172119140625e+01 6.036970615386962891e-01 2.392634391784667969e+00 -5.673742294311523438e-01 2.051371335983276367e+00 -1.903728961944580078e+00 -6.034085273742675781e+00 7.271911010742187500e+02
9.587762355804443359e-01 5.010826873779296875e+01 2.342140078544616699e-01 2.469881057739257812e+00 -7.717218399047851562e-01 2.516384363174438477e+00 -3.498202800750732422e+00 -3.255632400512695312e+00 7.943776855468750000e+02
1.293990135192871094e+00 5.286600875854492188e+01 1.547626703977584839e-01 1.845980763435363770e+00 -2.113548278808593750e+00 2.264967918395996094e+00 -2.474707603454589844e+00 -7.330592155456542969e+00 1.999233398437500000e+02
3.836566209793090820e-01 4.863454818725585938e+01 3.302430212497711182e-01 3.453032732009887695e+00 -4.813769340515136719e+00 2.619078874588012695e+00 -2.621313571929931641e+00 -1.197127342224121094e+00 6.440728149414062500e+02
1.499615073204040527e+00 5.109399032592773438e+01 2.920135259628295898e-01 1.430533528327941895e+00 -5.414580345153808594e+00 2.187413930892944336e+00 -1.713049411773681641e+00 -6.326343536376953125e+00 6.942274169921875000e+02
1.144568920135498047e+00 5.263490295410156250e+01 1.075437366962432861e-01 5.167070031166076660e-01 1.032507896423339844e+00 2.483422517776489258e+00 -2.009184360504150391e+00 -1.020098686218261719e+00 3.784347534179687500e+02
1.521067261695861816e+00 5.617639923095703125e+01 5.828299522399902344e-01 2.249669551849365234e+00 -2.372917175292968750e+00 2.146030426025390625e+00 -9.974827766418457031e-01 -5.141798019409179688e+00 3.796828308105468750e+02
5.944621562957763672e-01 5.108505249023437500e+01 2.354827672243118286e-01 2.135793924331665039e+00 -4.273790359497070312e+00 2.802255153656005859e+00 -1.395180702209472656e+00 -4.790007591247558594e+00 3.462733459472656250e+02
5.864756107330322266e-01 5.303580474853515625e+01 4.807815700769424438e-02 2.193623036146163940e-01 -2.788928985595703125e+00 2.171623945236206055e+00 -1.157102584838867188e-01 -2.368302345275878906e+00 1.320237426757812500e+02
8.750487864017486572e-02 5.037781524658203125e+01 2.077076286077499390e-01 2.994254112243652344e+00 -3.036516189575195312e+00 2.268270492553710938e+00 -3.710358142852783203e+00 -5.654034614562988281e+00 9.315422973632812500e+02
1.119080543518066406e+00 4.711774063110351562e+01 8.229844272136688232e-02 2.669549703598022461e+00 -4.151406288146972656e+00 2.620799779891967773e+00 -2.357963562011718750e+00 -7.805900573730468750e+00 9.371805419921875000e+02
1.309700727462768555e+00 5.639572906494140625e+01 5.903324484825134277e-01 1.357274651527404785e+00 1.513652801513671875e+00 2.139677762985229492e+00 -3.378461360931396484e+00 -4.044406890869140625e+00 8.858141479492187500e+02
6.525285243988037109e-01 4.818155670166015625e+01 2.723232507705688477e-01 3.287689447402954102e+00 -2.581146240234375000e+00 2.112407922744750977e+00 -3.563058853149414062e+00 -1.703825950622558594e+00 2.310282745361328125e+02
1.600590646266937256e-01 5.355749511718750000e+01 2.758179605007171631e-01 1.496971249580383301e+00 8.146600723266601562e-01 2.472201824188232422e+00 -3.362867832183837891e+00 -5.854800224304199219e+00 9.111984863281250000e+02
1.043476939201354980e+00 5.464882659912109375e+01 1.998904645442962646e-01 2.639336109161376953e+00 -2.341709136962890625e+00 2.869823932647705078e+00 -3.245529174804687500e+00 -6.013768196105957031e+00 1.502859497070312500e+02
3.224243521690368652e-01 4.821766281127929688e+01 3.794053494930267334e-01 5.215173959732055664e-01 1.443271636962890625e+00 2.518782138824462891e+00 -2.580666542053222656e+00 -4.040678024291992188e+00 8.504661865234375000e+02
1.761306659318506718e-03 5.361792373657226562e+01 2.292516082525253296e-01 2.091527700424194336e+00 -1.903022766113281250e+00 2.468435287475585938e+00 -8.185653686523437500e-01 -5.990233421325683594e+00 6.879429931640625000e+02
1.694112569093704224e-01 5.013037109375000000e+01 4.342358112335205078e-01 7.996119260787963867e-01 1.716130256652832031e+00 2.832096576690673828e+00 -3.523367404937744141e+00 -3.805044174194335938e+00 2.093497009277343750e+02
5.846344828605651855e-01 5.301838684082031250e+01 5.187651515007019043e-01 6.642174720764160156e-01 1.181337356567382812e+00 2.426915168762207031e+00 -1.762676239013671875e+00 -1.837741851806640625e+00 3.477408447265625000e+02
4.068522751331329346e-01 5.426854705810546875e+01 2.593917846679687500e-01 2.423186004161834717e-01 -5.396873474121093750e+00 2.771809339523315430e+00 -1.050154685974121094e+00 -7.589997291564941406e+00 6.045966796875000000e+02
5.955811738967895508e-01 4.969861984252929688e+01 7.284728437662124634e-02 1.475920081138610840e+00 -4.561410903930664062e+00 2.384426116943359375e+00 -1.763803482055664062e+00 -2.342576980590820312e-01 6.105234375000000000e+02
1.410150062292814255e-02 4.749188995361328125e+01 1.305327117443084717e-01 5.804197788238525391e-01 4.007396697998046875e-01 2.810829401016235352e+00 -9.393796920776367188e-01 -5.265132904052734375e+00 4.501950988769531250e+02
6.389801502227783203e-01 5.118630981445312500e+01 4.342490732669830322e-01 1.438243150711059570e+00 -3.350628852844238281e+00 2.303425312042236328e+00 -1.918106079101562500e-01 -4.804292678833007812e+00 3.490017089843750000e+02
9.132148027420043945e-01 5.286268234252929688e+01 1.658298969268798828e-01 2.125448435544967651e-01 1.053179740905761719e+00 2.991388320922851562e+00 -2.876145362854003906e+00 -4.249792098999023438e+00 9.547254028320312500e+02
4.055776298046112061e-01 4.989307785034179688e+01 4.975883662700653076e-01 1.582082867622375488e+00 -1.603337287902832031e+00 2.893537998199462891e+00 -1.935720920562744141e+00 -2.040948867797851562e-01 3.254367675781250000e+02
1.287763953208923340e+00 5.461682510375976562e+01 4.431690871715545654e-01 3.426223993301391602e+00 1.960365295410156250e+00 2.413667201995849609e+00 -2.063946723937988281e+00 -6.323532104492187500e+00 1.903830413818359375e+02
7.071177959442138672e-01 4.768573379516601562e+01 3.317295759916305542e-02 2.716586112976074219e+00 -6.603631973266601562e-01 2.670994758605957031e+00 -2.708976745605468750e+00 -5.990892410278320312e+00 1.753817749023437500e+02
7.551378011703491211e-01 4.719117355346679688e+01 5.605266690254211426e-01 8.117192983627319336e-01 -1.483819961547851562e+00 2.488430023193359375e+00 -2.291003227233886719e+00 -6.693271636962890625e+00 1.817226257324218750e+02
1.123711705207824707e+00 5.171129989624023438e+01 2.834403216838836670e-01 7.099408507347106934e-01 -2.957124710083007812e+00 2.142593383789062500e+00 -3.134072780609130859e+00 -1.681939125061035156e+00 7.846260986328125000e+02
