9.272952180016120760e-01 -1.886056647693163280e+00 1.799999999999999933e-01 1.700000000000000122e-01 -1.522878745280337620e+00 7.000000000000000666e-02 2.300000000000000100e-01
1.470628905633336814e+00 -2.698970004336018746e+00 1.600000000000000033e-01 1.900000000000000022e-01 -1.397940008672037493e+00 8.999999999999999667e-02 3.900000000000000133e-01
1.570796326794896558e+00 -1.537602002101043919e+00 2.099999999999999922e-01 1.700000000000000122e-01 -1.397940008672037493e+00 1.400000000000000133e-01 2.500000000000000000e-01
0.000000000000000000e+00 -2.301029995663981254e+00 1.400000000000000133e-01 2.300000000000000100e-01 -1.522878745280337620e+00 8.999999999999999667e-02 3.200000000000000067e-01
1.047197551196597631e+00 -1.585026652029182026e+00 2.200000000000000011e-01 2.300000000000000100e-01 -1.698970004336018746e+00 8.999999999999999667e-02 3.400000000000000244e-01
1.570796326794896558e+00 -2.698970004336018746e+00 2.399999999999999911e-01 2.099999999999999922e-01 -1.000000000000000000e+00 8.999999999999999667e-02 3.200000000000000067e-01
1.047197551196597631e+00 -2.522878745280337398e+00 2.399999999999999911e-01 3.400000000000000244e-01 -1.698970004336018746e+00 8.000000000000000167e-02 4.000000000000000222e-01
9.272952180016120760e-01 -2.301029995663981254e+00 1.199999999999999956e-01 2.099999999999999922e-01 -1.221848749616356367e+00 7.000000000000000666e-02 3.099999999999999978e-01
1.369438406004565678e+00 -1.721246399047171138e+00 1.400000000000000133e-01 1.600000000000000033e-01 -1.698970004336018746e+00 1.199999999999999956e-01 3.300000000000000155e-01
7.953988301841434794e-01 -1.698970004336018746e+00 2.800000000000000266e-01 2.999999999999999889e-01 -2.000000000000000000e+00 8.000000000000000167e-02 3.200000000000000067e-01
4.510268117962623613e-01 -1.920818753952375113e+00 2.399999999999999911e-01 3.400000000000000244e-01 -1.522878745280337620e+00 1.100000000000000006e-01 2.300000000000000100e-01
1.047197551196597631e+00 -2.154901959985743076e+00 1.700000000000000122e-01 2.899999999999999800e-01 -1.522878745280337620e+00 8.000000000000000167e-02 3.900000000000000133e-01
1.369438406004565678e+00 -1.677780705266080696e+00 2.800000000000000266e-01 2.300000000000000100e-01 -1.045757490560675240e+00 8.999999999999999667e-02 2.700000000000000178e-01
6.435011087932842599e-01 -1.698970004336018746e+00 2.300000000000000100e-01 2.600000000000000089e-01 -1.698970004336018746e+00 1.100000000000000006e-01 2.399999999999999911e-01
7.953988301841434794e-01 -2.522878745280337398e+00 1.600000000000000033e-01 2.099999999999999922e-01 -1.522878745280337620e+00 8.000000000000000167e-02 2.899999999999999800e-01
1.369438406004565678e+00 -1.387216143280264546e+00 2.800000000000000266e-01 3.499999999999999778e-01 -1.522878745280337620e+00 1.300000000000000044e-01 3.800000000000000044e-01
9.272952180016120760e-01 -2.397940008672037493e+00 1.499999999999999944e-01 3.300000000000000155e-01 -1.522878745280337620e+00 1.000000000000000056e-01 2.899999999999999800e-01
1.470628905633336814e+00 -2.301029995663981254e+00 1.900000000000000022e-01 3.400000000000000244e-01 -1.154901959985743076e+00 5.000000000000000278e-02 3.200000000000000067e-01
7.953988301841434794e-01 -1.920818753952375113e+00 1.600000000000000033e-01 3.300000000000000155e-01 -1.000000000000000000e+00 1.100000000000000006e-01 2.999999999999999889e-01
1.047197551196597631e+00 -2.397940008672037493e+00 2.200000000000000011e-01 3.300000000000000155e-01 -1.397940008672037493e+00 8.999999999999999667e-02 2.700000000000000178e-01
4.510268117962623613e-01 -1.602059991327962285e+00 2.700000000000000178e-01 1.900000000000000022e-01 -2.000000000000000000e+00 1.100000000000000006e-01 3.099999999999999978e-01
1.047197551196597631e+00 -1.481486060122112480e+00 2.500000000000000000e-01 1.799999999999999933e-01 -1.698970004336018746e+00 7.000000000000000666e-02 2.500000000000000000e-01
7.953988301841434794e-01 -1.619788758288394082e+00 2.700000000000000178e-01 2.600000000000000089e-01 -1.000000000000000000e+00 1.300000000000000044e-01 3.699999999999999956e-01
9.272952180016120760e-01 -1.494850021680093954e+00 1.799999999999999933e-01 2.700000000000000178e-01 -9.586073148417749712e-01 1.300000000000000044e-01 3.699999999999999956e-01
0.000000000000000000e+00 -3.000000000000000000e+00 2.600000000000000089e-01 1.600000000000000033e-01 -1.221848749616356367e+00 1.199999999999999956e-01 3.499999999999999778e-01
9.272952180016120760e-01 -1.537602002101043919e+00 1.400000000000000133e-01 2.200000000000000011e-01 -1.698970004336018746e+00 8.999999999999999667e-02 2.700000000000000178e-01
1.369438406004565678e+00 -1.769551078621726115e+00 1.499999999999999944e-01 3.400000000000000244e-01 -9.586073148417749712e-01 5.999999999999999778e-02 3.400000000000000244e-01
1.369438406004565678e+00 -1.619788758288394082e+00 2.399999999999999911e-01 3.499999999999999778e-01 -2.000000000000000000e+00 1.000000000000000056e-01 2.399999999999999911e-01
1.470628905633336814e+00 -2.221848749616356589e+00 1.799999999999999933e-01 1.700000000000000122e-01 -1.096910013008056461e+00 7.000000000000000666e-02 2.899999999999999800e-01
1.266103672779498979e+00 -1.455931955649724330e+00 1.900000000000000022e-01 2.000000000000000111e-01 -1.221848749616356367e+00 5.999999999999999778e-02 3.300000000000000155e-01
7.953988301841434794e-01 -1.420216403383189885e+00 2.300000000000000100e-01 2.300000000000000100e-01 -1.397940008672037493e+00 5.999999999999999778e-02 2.200000000000000011e-01
1.266103672779498979e+00 -1.920818753952375113e+00 1.300000000000000044e-01 2.500000000000000000e-01 -1.221848749616356367e+00 1.100000000000000006e-01 2.399999999999999911e-01
9.272952180016120760e-01 -1.677780705266080696e+00 1.900000000000000022e-01 2.500000000000000000e-01 -1.154901959985743076e+00 1.000000000000000056e-01 2.099999999999999922e-01
7.953988301841434794e-01 -2.301029995663981254e+00 2.800000000000000266e-01 3.300000000000000155e-01 -1.522878745280337620e+00 1.199999999999999956e-01 2.500000000000000000e-01
4.510268117962623613e-01 -2.397940008672037493e+00 2.200000000000000011e-01 2.999999999999999889e-01 -1.221848749616356367e+00 5.999999999999999778e-02 3.800000000000000044e-01
9.272952180016120760e-01 -2.397940008672037493e+00 1.499999999999999944e-01 3.300000000000000155e-01 -1.522878745280337620e+00 1.000000000000000056e-01 2.899999999999999800e-01
4.510268117962623613e-01 -1.318758762624412828e+00 1.400000000000000133e-01 2.099999999999999922e-01 -1.397940008672037493e+00 1.499999999999999944e-01 2.899999999999999800e-01
1.047197551196597631e+00 -1.853871964321762045e+00 2.099999999999999922e-01 3.099999999999999978e-01 -1.154901959985743076e+00 8.000000000000000167e-02 2.500000000000000000e-01
1.470628905633336814e+00 -1.552841968657780791e+00 1.700000000000000122e-01 2.899999999999999800e-01 -1.522878745280337620e+00 8.000000000000000167e-02 2.700000000000000178e-01
9.272952180016120760e-01 -2.096910013008056239e+00 2.300000000000000100e-01 1.600000000000000033e-01 -1.698970004336018746e+00 5.999999999999999778e-02 2.099999999999999922e-01
6.435011087932842599e-01 -2.301029995663981254e+00 2.000000000000000111e-01 2.000000000000000111e-01 -1.522878745280337620e+00 8.000000000000000167e-02 3.599999999999999867e-01
9.272952180016120760e-01 -2.301029995663981254e+00 2.000000000000000111e-01 3.400000000000000244e-01 -1.096910013008056461e+00 7.000000000000000666e-02 2.600000000000000089e-01
6.435011087932842599e-01 -2.301029995663981254e+00 2.000000000000000111e-01 2.000000000000000111e-01 -1.522878745280337620e+00 8.000000000000000167e-02 3.599999999999999867e-01
1.266103672779498979e+00 -2.045757490560675240e+00 1.900000000000000022e-01 3.200000000000000067e-01 -2.000000000000000000e+00 5.999999999999999778e-02 2.500000000000000000e-01
1.369438406004565678e+00 -1.420216403383189885e+00 2.200000000000000011e-01 1.799999999999999933e-01 -1.096910013008056461e+00 5.999999999999999778e-02 3.300000000000000155e-01
1.369438406004565678e+00 -1.958607314841775082e+00 1.799999999999999933e-01 2.899999999999999800e-01 -1.522878745280337620e+00 7.000000000000000666e-02 3.499999999999999778e-01
4.510268117962623613e-01 -2.397940008672037493e+00 1.300000000000000044e-01 3.099999999999999978e-01 -9.208187539523752241e-01 1.000000000000000056e-01 3.200000000000000067e-01
4.510268117962623613e-01 -1.376750709602099443e+00 2.200000000000000011e-01 3.400000000000000244e-01 -9.586073148417749712e-01 1.400000000000000133e-01 2.300000000000000100e-01
0.000000000000000000e+00 -1.602059991327962285e+00 2.500000000000000000e-01 2.399999999999999911e-01 -1.698970004336018746e+00 8.999999999999999667e-02 3.300000000000000155e-01
9.272952180016120760e-01 -1.481486060122112480e+00 2.500000000000000000e-01 3.099999999999999978e-01 -1.397940008672037493e+00 7.000000000000000666e-02 2.999999999999999889e-01
1.266103672779498979e+00 -2.154901959985743076e+00 2.200000000000000011e-01 3.300000000000000155e-01 -1.698970004336018746e+00 7.000000000000000666e-02 2.899999999999999800e-01
7.953988301841434794e-01 -2.096910013008056239e+00 2.700000000000000178e-01 2.000000000000000111e-01 -1.522878745280337620e+00 1.300000000000000044e-01 2.399999999999999911e-01
1.266103672779498979e+00 -1.744727494896693987e+00 2.500000000000000000e-01 3.099999999999999978e-01 -1.397940008672037493e+00 1.499999999999999944e-01 2.000000000000000111e-01
1.470628905633336814e+00 -2.301029995663981254e+00 2.700000000000000178e-01 2.000000000000000111e-01 -1.221848749616356367e+00 1.199999999999999956e-01 3.900000000000000133e-01
4.510268117962623613e-01 -1.721246399047171138e+00 1.700000000000000122e-01 1.799999999999999933e-01 -1.397940008672037493e+00 7.000000000000000666e-02 2.899999999999999800e-01
4.510268117962623613e-01 -2.397940008672037493e+00 2.200000000000000011e-01 2.999999999999999889e-01 -1.221848749616356367e+00 5.999999999999999778e-02 3.800000000000000044e-01
4.510268117962623613e-01 -2.301029995663981254e+00 2.700000000000000178e-01 2.000000000000000111e-01 -1.221848749616356367e+00 1.199999999999999956e-01 3.900000000000000133e-01
0.000000000000000000e+00 -1.886056647693163280e+00 2.099999999999999922e-01 2.999999999999999889e-01 -1.045757490560675240e+00 5.999999999999999778e-02 3.699999999999999956e-01
6.435011087932842599e-01 -1.698970004336018746e+00 1.700000000000000122e-01 2.000000000000000111e-01 -1.397940008672037493e+00 8.999999999999999667e-02 3.800000000000000044e-01
1.369438406004565678e+00 -2.301029995663981254e+00 1.900000000000000022e-01 2.000000000000000111e-01 -1.045757490560675240e+00 7.000000000000000666e-02 2.999999999999999889e-01
4.510268117962623613e-01 -2.000000000000000000e+00 1.700000000000000122e-01 3.200000000000000067e-01 -1.154901959985743076e+00 1.100000000000000006e-01 3.599999999999999867e-01
0.000000000000000000e+00 -2.522878745280337398e+00 1.600000000000000033e-01 1.600000000000000033e-01 -2.000000000000000000e+00 5.999999999999999778e-02 2.700000000000000178e-01
1.470628905633336814e+00 -2.698970004336018746e+00 2.000000000000000111e-01 3.400000000000000244e-01 -1.221848749616356367e+00 1.199999999999999956e-01 2.600000000000000089e-01
9.272952180016120760e-01 -1.537602002101043919e+00 1.400000000000000133e-01 2.200000000000000011e-01 -1.698970004336018746e+00 8.999999999999999667e-02 2.700000000000000178e-01
1.369438406004565678e+00 -3.000000000000000000e+00 2.000000000000000111e-01 3.200000000000000067e-01 -1.698970004336018746e+00 8.999999999999999667e-02 3.699999999999999956e-01
1.266103672779498979e+00 -1.431798275933005016e+00 2.099999999999999922e-01 3.400000000000000244e-01 -1.221848749616356367e+00 8.999999999999999667e-02 3.400000000000000244e-01
9.272952180016120760e-01 -2.522878745280337398e+00 2.399999999999999911e-01 3.400000000000000244e-01 -1.698970004336018746e+00 8.000000000000000167e-02 4.000000000000000222e-01
4.510268117962623613e-01 -1.721246399047171138e+00 2.600000000000000089e-01 2.600000000000000089e-01 -2.000000000000000000e+00 8.000000000000000167e-02 2.300000000000000100e-01
4.510268117962623613e-01 -2.221848749616356589e+00 2.600000000000000089e-01 2.800000000000000266e-01 -1.096910013008056461e+00 7.000000000000000666e-02 3.200000000000000067e-01
4.510268117962623613e-01 -1.823908740944318874e+00 1.700000000000000122e-01 3.300000000000000155e-01 -1.397940008672037493e+00 1.300000000000000044e-01 3.800000000000000044e-01
6.435011087932842599e-01 -1.552841968657780791e+00 1.700000000000000122e-01 2.800000000000000266e-01 -8.860566476931632796e-01 1.300000000000000044e-01 3.599999999999999867e-01
1.159279480727408496e+00 -2.301029995663981254e+00 2.200000000000000011e-01 2.500000000000000000e-01 -1.221848749616356367e+00 5.999999999999999778e-02 3.099999999999999978e-01
0.000000000000000000e+00 -1.408935392973500900e+00 2.200000000000000011e-01 1.900000000000000022e-01 -2.000000000000000000e+00 7.000000000000000666e-02 2.800000000000000266e-01
7.953988301841434794e-01 -2.096910013008056239e+00 1.400000000000000133e-01 3.099999999999999978e-01 -1.522878745280337620e+00 1.400000000000000133e-01 2.500000000000000000e-01
1.159279480727408496e+00 -3.000000000000000000e+00 2.300000000000000100e-01 2.500000000000000000e-01 -1.154901959985743076e+00 1.100000000000000006e-01 3.499999999999999778e-01
7.953988301841434794e-01 -2.522878745280337398e+00 1.600000000000000033e-01 2.099999999999999922e-01 -1.522878745280337620e+00 8.000000000000000167e-02 2.899999999999999800e-01
4.510268117962623613e-01 -2.522878745280337398e+00 2.600000000000000089e-01 2.899999999999999800e-01 -1.522878745280337620e+00 8.000000000000000167e-02 2.099999999999999922e-01
7.953988301841434794e-01 -2.000000000000000000e+00 1.799999999999999933e-01 2.000000000000000111e-01 -1.154901959985743076e+00 1.000000000000000056e-01 3.300000000000000155e-01
1.570796326794896558e+00 -1.795880017344075208e+00 1.900000000000000022e-01 3.400000000000000244e-01 -2.000000000000000000e+00 1.199999999999999956e-01 3.800000000000000044e-01
1.047197551196597631e+00 -2.698970004336018746e+00 2.600000000000000089e-01 2.999999999999999889e-01 -1.154901959985743076e+00 1.199999999999999956e-01 3.699999999999999956e-01
0.000000000000000000e+00 -2.154901959985743076e+00 2.600000000000000089e-01 3.200000000000000067e-01 -1.301029995663981254e+00 5.000000000000000278e-02 2.600000000000000089e-01
4.510268117962623613e-01 -2.698970004336018746e+00 1.499999999999999944e-01 2.099999999999999922e-01 -1.522878745280337620e+00 1.199999999999999956e-01 2.500000000000000000e-01
0.000000000000000000e+00 -1.886056647693163280e+00 2.099999999999999922e-01 2.999999999999999889e-01 -1.045757490560675240e+00 5.999999999999999778e-02 3.699999999999999956e-01
4.510268117962623613e-01 -1.455931955649724330e+00 1.700000000000000122e-01 2.300000000000000100e-01 -1.301029995663981254e+00 1.199999999999999956e-01 2.099999999999999922e-01
1.047197551196597631e+00 -2.522878745280337398e+00 2.399999999999999911e-01 3.400000000000000244e-01 -1.698970004336018746e+00 8.000000000000000167e-02 4.000000000000000222e-01
1.570796326794896558e+00 -1.823908740944318874e+00 2.000000000000000111e-01 2.999999999999999889e-01 -1.045757490560675240e+00 1.000000000000000056e-01 3.200000000000000067e-01
1.369438406004565678e+00 -1.795880017344075208e+00 2.600000000000000089e-01 3.200000000000000067e-01 -1.301029995663981254e+00 5.999999999999999778e-02 2.800000000000000266e-01
9.272952180016120760e-01 -1.853871964321762045e+00 1.700000000000000122e-01 2.899999999999999800e-01 -1.698970004336018746e+00 1.199999999999999956e-01 3.699999999999999956e-01
1.266103672779498979e+00 -1.853871964321762045e+00 1.499999999999999944e-01 2.000000000000000111e-01 -1.522878745280337620e+00 1.100000000000000006e-01 2.300000000000000100e-01
6.435011087932842599e-01 -2.397940008672037493e+00 2.500000000000000000e-01 2.999999999999999889e-01 -1.154901959985743076e+00 1.300000000000000044e-01 3.099999999999999978e-01
9.272952180016120760e-01 -2.522878745280337398e+00 2.600000000000000089e-01 3.200000000000000067e-01 -9.586073148417749712e-01 1.199999999999999956e-01 2.999999999999999889e-01
6.435011087932842599e-01 -1.508638306165727361e+00 1.499999999999999944e-01 2.000000000000000111e-01 -1.397940008672037493e+00 1.000000000000000056e-01 2.899999999999999800e-01
7.953988301841434794e-01 -1.481486060122112480e+00 2.800000000000000266e-01 1.900000000000000022e-01 -1.000000000000000000e+00 1.499999999999999944e-01 3.900000000000000133e-01
9.272952180016120760e-01 -2.096910013008056239e+00 2.200000000000000011e-01 2.099999999999999922e-01 -2.000000000000000000e+00 5.000000000000000278e-02 2.800000000000000266e-01
0.000000000000000000e+00 -3.000000000000000000e+00 1.300000000000000044e-01 2.099999999999999922e-01 -1.154901959985743076e+00 8.000000000000000167e-02 2.600000000000000089e-01
6.435011087932842599e-01 -2.301029995663981254e+00 2.000000000000000111e-01 2.000000000000000111e-01 -1.522878745280337620e+00 8.000000000000000167e-02 3.599999999999999867e-01
1.159279480727408496e+00 -1.420216403383189885e+00 1.400000000000000133e-01 2.800000000000000266e-01 -1.096910013008056461e+00 1.199999999999999956e-01 3.300000000000000155e-01
4.510268117962623613e-01 -1.431798275933005016e+00 2.800000000000000266e-01 3.400000000000000244e-01 -1.154901959985743076e+00 1.100000000000000006e-01 3.300000000000000155e-01
1.570796326794896558e+00 -1.568636235841012638e+00 2.200000000000000011e-01 3.200000000000000067e-01 -8.860566476931632796e-01 8.999999999999999667e-02 2.300000000000000100e-01
6.435011087932842599e-01 -1.958607314841775082e+00 2.399999999999999911e-01 1.900000000000000022e-01 -2.000000000000000000e+00 1.199999999999999956e-01 3.200000000000000067e-01
9.272952180016120760e-01 -1.853871964321762045e+00 1.700000000000000122e-01 2.899999999999999800e-01 -1.698970004336018746e+00 1.199999999999999956e-01 3.699999999999999956e-01
6.435011087932842599e-01 -1.657577319177793829e+00 1.300000000000000044e-01 1.900000000000000022e-01 -1.698970004336018746e+00 1.300000000000000044e-01 2.399999999999999911e-01
7.953988301841434794e-01 -2.397940008672037493e+00 2.099999999999999922e-01 2.000000000000000111e-01 -1.698970004336018746e+00 1.300000000000000044e-01 3.400000000000000244e-01
0.000000000000000000e+00 -1.602059991327962285e+00 2.500000000000000000e-01 2.399999999999999911e-01 -1.698970004336018746e+00 8.999999999999999667e-02 3.300000000000000155e-01
0.000000000000000000e+00 -1.698970004336018746e+00 1.799999999999999933e-01 2.899999999999999800e-01 -1.221848749616356367e+00 1.400000000000000133e-01 3.599999999999999867e-01
1.369438406004565678e+00 -2.397940008672037493e+00 1.400000000000000133e-01 3.099999999999999978e-01 -2.000000000000000000e+00 1.000000000000000056e-01 3.300000000000000155e-01
1.266103672779498979e+00 -2.154901959985743076e+00 2.200000000000000011e-01 3.300000000000000155e-01 -1.698970004336018746e+00 7.000000000000000666e-02 2.899999999999999800e-01
9.272952180016120760e-01 -2.301029995663981254e+00 1.799999999999999933e-01 3.300000000000000155e-01 -2.000000000000000000e+00 5.999999999999999778e-02 2.899999999999999800e-01
9.272952180016120760e-01 -2.221848749616356589e+00 2.600000000000000089e-01 1.700000000000000122e-01 -1.522878745280337620e+00 1.199999999999999956e-01 3.900000000000000133e-01
4.510268117962623613e-01 -1.823908740944318874e+00 1.700000000000000122e-01 3.300000000000000155e-01 -1.397940008672037493e+00 1.300000000000000044e-01 3.800000000000000044e-01
1.570796326794896558e+00 -2.221848749616356589e+00 2.300000000000000100e-01 3.400000000000000244e-01 -1.522878745280337620e+00 1.100000000000000006e-01 2.500000000000000000e-01
4.510268117962623613e-01 -2.522878745280337398e+00 2.200000000000000011e-01 2.600000000000000089e-01 -1.000000000000000000e+00 1.300000000000000044e-01 3.400000000000000244e-01
9.272952180016120760e-01 -2.096910013008056239e+00 2.300000000000000100e-01 1.600000000000000033e-01 -1.698970004336018746e+00 5.999999999999999778e-02 2.099999999999999922e-01
1.470628905633336814e+00 -2.698970004336018746e+00 2.000000000000000111e-01 3.400000000000000244e-01 -1.221848749616356367e+00 1.199999999999999956e-01 2.600000000000000089e-01
4.510268117962623613e-01 -1.853871964321762045e+00 2.700000000000000178e-01 2.000000000000000111e-01 -2.000000000000000000e+00 5.999999999999999778e-02 2.700000000000000178e-01
6.435011087932842599e-01 -1.920818753952375113e+00 2.399999999999999911e-01 1.600000000000000033e-01 -1.221848749616356367e+00 8.000000000000000167e-02 2.899999999999999800e-01
0.000000000000000000e+00 -1.481486060122112480e+00 2.500000000000000000e-01 3.400000000000000244e-01 -2.000000000000000000e+00 1.300000000000000044e-01 2.500000000000000000e-01
4.510268117962623613e-01 -1.481486060122112480e+00 2.800000000000000266e-01 1.900000000000000022e-01 -1.000000000000000000e+00 1.499999999999999944e-01 3.900000000000000133e-01
1.266103672779498979e+00 -1.920818753952375113e+00 1.400000000000000133e-01 2.899999999999999800e-01 -1.522878745280337620e+00 1.300000000000000044e-01 2.600000000000000089e-01
6.435011087932842599e-01 -2.397940008672037493e+00 1.700000000000000122e-01 2.800000000000000266e-01 -1.522878745280337620e+00 1.499999999999999944e-01 2.999999999999999889e-01
6.435011087932842599e-01 -2.397940008672037493e+00 1.400000000000000133e-01 3.099999999999999978e-01 -2.000000000000000000e+00 1.000000000000000056e-01 3.300000000000000155e-01
6.435011087932842599e-01 -2.397940008672037493e+00 2.500000000000000000e-01 1.700000000000000122e-01 -2.000000000000000000e+00 1.499999999999999944e-01 3.300000000000000155e-01
0.000000000000000000e+00 -1.508638306165727361e+00 1.300000000000000044e-01 2.600000000000000089e-01 -1.397940008672037493e+00 7.000000000000000666e-02 2.999999999999999889e-01
4.510268117962623613e-01 -1.721246399047171138e+00 1.700000000000000122e-01 1.799999999999999933e-01 -1.397940008672037493e+00 7.000000000000000666e-02 2.899999999999999800e-01
9.272952180016120760e-01 -3.000000000000000000e+00 2.600000000000000089e-01 2.999999999999999889e-01 -1.522878745280337620e+00 8.999999999999999667e-02 2.300000000000000100e-01
4.510268117962623613e-01 -2.522878745280337398e+00 1.300000000000000044e-01 2.999999999999999889e-01 -1.698970004336018746e+00 1.100000000000000006e-01 3.499999999999999778e-01
1.570796326794896558e+00 -1.619788758288394082e+00 1.799999999999999933e-01 2.300000000000000100e-01 -1.698970004336018746e+00 1.199999999999999956e-01 3.900000000000000133e-01
1.470628905633336814e+00 -1.468521082957744861e+00 1.400000000000000133e-01 3.300000000000000155e-01 -1.698970004336018746e+00 1.000000000000000056e-01 2.300000000000000100e-01
1.159279480727408496e+00 -1.958607314841775082e+00 2.399999999999999911e-01 1.600000000000000033e-01 -1.096910013008056461e+00 5.999999999999999778e-02 2.999999999999999889e-01
0.000000000000000000e+00 -1.853871964321762045e+00 2.300000000000000100e-01 2.899999999999999800e-01 -1.301029995663981254e+00 5.999999999999999778e-02 3.300000000000000155e-01
7.953988301841434794e-01 -2.522878745280337398e+00 2.600000000000000089e-01 2.200000000000000011e-01 -1.301029995663981254e+00 1.000000000000000056e-01 3.099999999999999978e-01
7.953988301841434794e-01 -1.619788758288394082e+00 2.600000000000000089e-01 1.700000000000000122e-01 -1.522878745280337620e+00 1.300000000000000044e-01 2.099999999999999922e-01
0.000000000000000000e+00 -2.698970004336018746e+00 1.799999999999999933e-01 3.300000000000000155e-01 -1.096910013008056461e+00 1.300000000000000044e-01 3.599999999999999867e-01
1.570796326794896558e+00 -1.958607314841775082e+00 2.500000000000000000e-01 2.500000000000000000e-01 -1.522878745280337620e+00 1.100000000000000006e-01 4.000000000000000222e-01
4.510268117962623613e-01 -2.522878745280337398e+00 2.600000000000000089e-01 2.899999999999999800e-01 -1.522878745280337620e+00 8.000000000000000167e-02 2.099999999999999922e-01
1.047197551196597631e+00 -2.221848749616356589e+00 1.799999999999999933e-01 1.700000000000000122e-01 -1.096910013008056461e+00 7.000000000000000666e-02 2.899999999999999800e-01
7.953988301841434794e-01 -2.221848749616356589e+00 1.199999999999999956e-01 3.099999999999999978e-01 -1.096910013008056461e+00 1.199999999999999956e-01 2.099999999999999922e-01
1.369438406004565678e+00 -3.000000000000000000e+00 2.399999999999999911e-01 2.099999999999999922e-01 -1.522878745280337620e+00 1.100000000000000006e-01 2.700000000000000178e-01
7.953988301841434794e-01 -2.397940008672037493e+00 2.099999999999999922e-01 2.000000000000000111e-01 -1.698970004336018746e+00 1.300000000000000044e-01 3.400000000000000244e-01
4.510268117962623613e-01 -1.431798275933005016e+00 1.400000000000000133e-01 1.900000000000000022e-01 -1.522878745280337620e+00 1.300000000000000044e-01 2.999999999999999889e-01
4.510268117962623613e-01 -3.000000000000000000e+00 1.900000000000000022e-01 1.700000000000000122e-01 -1.096910013008056461e+00 5.999999999999999778e-02 3.499999999999999778e-01
1.570796326794896558e+00 -1.552841968657780791e+00 2.500000000000000000e-01 2.200000000000000011e-01 -1.154901959985743076e+00 1.000000000000000056e-01 3.699999999999999956e-01
1.369438406004565678e+00 -1.431798275933005016e+00 1.600000000000000033e-01 2.500000000000000000e-01 -1.522878745280337620e+00 7.000000000000000666e-02 3.800000000000000044e-01
7.953988301841434794e-01 -2.301029995663981254e+00 2.500000000000000000e-01 2.300000000000000100e-01 -1.522878745280337620e+00 1.100000000000000006e-01 2.200000000000000011e-01
4.510268117962623613e-01 -3.000000000000000000e+00 2.399999999999999911e-01 2.099999999999999922e-01 -1.522878745280337620e+00 1.100000000000000006e-01 2.700000000000000178e-01
1.047197551196597631e+00 -1.853871964321762045e+00 1.700000000000000122e-01 2.000000000000000111e-01 -1.698970004336018746e+00 1.400000000000000133e-01 2.000000000000000111e-01
7.953988301841434794e-01 -2.154901959985743076e+00 1.400000000000000133e-01 2.899999999999999800e-01 -1.522878745280337620e+00 5.999999999999999778e-02 2.099999999999999922e-01
4.510268117962623613e-01 -2.522878745280337398e+00 2.600000000000000089e-01 2.899999999999999800e-01 -1.522878745280337620e+00 8.000000000000000167e-02 2.099999999999999922e-01
6.435011087932842599e-01 -2.397940008672037493e+00 2.500000000000000000e-01 1.700000000000000122e-01 -2.000000000000000000e+00 1.499999999999999944e-01 3.300000000000000155e-01
4.510268117962623613e-01 -2.522878745280337398e+00 2.600000000000000089e-01 1.700000000000000122e-01 -1.522878745280337620e+00 1.000000000000000056e-01 2.800000000000000266e-01
1.159279480727408496e+00 -1.366531544420413580e+00 2.000000000000000111e-01 2.500000000000000000e-01 -1.045757490560675240e+00 1.400000000000000133e-01 2.899999999999999800e-01
7.953988301841434794e-01 -1.920818753952375113e+00 1.400000000000000133e-01 3.499999999999999778e-01 -1.221848749616356367e+00 7.000000000000000666e-02 3.499999999999999778e-01
1.369438406004565678e+00 -1.301029995663981254e+00 1.600000000000000033e-01 2.600000000000000089e-01 -1.522878745280337620e+00 8.000000000000000167e-02 3.400000000000000244e-01
4.510268117962623613e-01 -2.045757490560675240e+00 1.700000000000000122e-01 1.700000000000000122e-01 -2.000000000000000000e+00 1.100000000000000006e-01 2.999999999999999889e-01
1.047197551196597631e+00 -2.000000000000000000e+00 1.499999999999999944e-01 1.900000000000000022e-01 -1.045757490560675240e+00 1.100000000000000006e-01 2.000000000000000111e-01
1.369438406004565678e+00 -1.638272163982407159e+00 2.099999999999999922e-01 2.099999999999999922e-01 -1.522878745280337620e+00 8.000000000000000167e-02 2.000000000000000111e-01
9.272952180016120760e-01 -1.376750709602099443e+00 1.199999999999999956e-01 2.000000000000000111e-01 -1.698970004336018746e+00 1.199999999999999956e-01 3.300000000000000155e-01
1.570796326794896558e+00 -1.568636235841012638e+00 1.400000000000000133e-01 1.499999999999999944e-01 -1.522878745280337620e+00 8.999999999999999667e-02 2.300000000000000100e-01
7.953988301841434794e-01 -1.552841968657780791e+00 2.200000000000000011e-01 2.899999999999999800e-01 -1.522878745280337620e+00 7.000000000000000666e-02 2.200000000000000011e-01
4.510268117962623613e-01 -2.522878745280337398e+00 2.600000000000000089e-01 2.899999999999999800e-01 -1.522878745280337620e+00 8.000000000000000167e-02 2.099999999999999922e-01
1.369438406004565678e+00 -2.154901959985743076e+00 2.500000000000000000e-01 3.400000000000000244e-01 -1.301029995663981254e+00 1.300000000000000044e-01 3.800000000000000044e-01
7.953988301841434794e-01 -1.721246399047171138e+00 1.700000000000000122e-01 1.799999999999999933e-01 -1.397940008672037493e+00 7.000000000000000666e-02 2.899999999999999800e-01
1.470628905633336814e+00 -1.468521082957744861e+00 1.300000000000000044e-01 1.799999999999999933e-01 -1.000000000000000000e+00 1.000000000000000056e-01 3.400000000000000244e-01
9.272952180016120760e-01 -1.481486060122112480e+00 2.600000000000000089e-01 2.200000000000000011e-01 -1.698970004336018746e+00 1.000000000000000056e-01 2.800000000000000266e-01
1.266103672779498979e+00 -1.958607314841775082e+00 1.400000000000000133e-01 1.600000000000000033e-01 -2.000000000000000000e+00 8.000000000000000167e-02 2.099999999999999922e-01
1.470628905633336814e+00 -2.698970004336018746e+00 1.600000000000000033e-01 1.700000000000000122e-01 -1.397940008672037493e+00 8.999999999999999667e-02 3.800000000000000044e-01
9.272952180016120760e-01 -2.397940008672037493e+00 2.500000000000000000e-01 3.099999999999999978e-01 -1.221848749616356367e+00 8.999999999999999667e-02 3.499999999999999778e-01
1.570796326794896558e+00 -1.958607314841775082e+00 1.499999999999999944e-01 3.300000000000000155e-01 -1.522878745280337620e+00 1.100000000000000006e-01 3.300000000000000155e-01
6.435011087932842599e-01 -1.508638306165727361e+00 1.400000000000000133e-01 1.700000000000000122e-01 -9.208187539523752241e-01 1.300000000000000044e-01 2.899999999999999800e-01
7.953988301841434794e-01 -1.744727494896693987e+00 1.499999999999999944e-01 2.999999999999999889e-01 -1.397940008672037493e+00 1.300000000000000044e-01 3.200000000000000067e-01
1.369438406004565678e+00 -1.420216403383189885e+00 2.200000000000000011e-01 2.300000000000000100e-01 -1.301029995663981254e+00 1.499999999999999944e-01 3.400000000000000244e-01
1.470628905633336814e+00 -1.537602002101043919e+00 2.399999999999999911e-01 2.700000000000000178e-01 -1.397940008672037493e+00 7.000000000000000666e-02 2.200000000000000011e-01
1.159279480727408496e+00 -3.000000000000000000e+00 1.900000000000000022e-01 2.000000000000000111e-01 -1.096910013008056461e+00 1.000000000000000056e-01 2.500000000000000000e-01
4.510268117962623613e-01 -2.522878745280337398e+00 2.300000000000000100e-01 1.900000000000000022e-01 -1.397940008672037493e+00 1.100000000000000006e-01 3.599999999999999867e-01
1.159279480727408496e+00 -2.045757490560675240e+00 2.700000000000000178e-01 2.700000000000000178e-01 -1.522878745280337620e+00 1.400000000000000133e-01 2.800000000000000266e-01
1.369438406004565678e+00 -1.443697499232712733e+00 1.400000000000000133e-01 2.800000000000000266e-01 -1.096910013008056461e+00 7.000000000000000666e-02 3.599999999999999867e-01
7.953988301841434794e-01 -2.301029995663981254e+00 2.500000000000000000e-01 2.300000000000000100e-01 -1.522878745280337620e+00 1.100000000000000006e-01 2.200000000000000011e-01
4.510268117962623613e-01 -1.327902142064282476e+00 1.900000000000000022e-01 2.600000000000000089e-01 -1.522878745280337620e+00 1.400000000000000133e-01 3.400000000000000244e-01
1.470628905633336814e+00 -2.698970004336018746e+00 2.000000000000000111e-01 3.400000000000000244e-01 -1.221848749616356367e+00 1.199999999999999956e-01 2.600000000000000089e-01
1.369438406004565678e+00 -1.494850021680093954e+00 1.700000000000000122e-01 2.999999999999999889e-01 -1.522878745280337620e+00 1.000000000000000056e-01 2.200000000000000011e-01
7.953988301841434794e-01 -2.096910013008056239e+00 2.700000000000000178e-01 2.000000000000000111e-01 -1.522878745280337620e+00 1.300000000000000044e-01 2.399999999999999911e-01
4.510268117962623613e-01 -1.522878745280337620e+00 1.300000000000000044e-01 2.500000000000000000e-01 -1.154901959985743076e+00 5.999999999999999778e-02 3.699999999999999956e-01
7.953988301841434794e-01 -1.468521082957744861e+00 2.500000000000000000e-01 2.999999999999999889e-01 -1.221848749616356367e+00 1.000000000000000056e-01 3.599999999999999867e-01
9.272952180016120760e-01 -1.886056647693163280e+00 1.199999999999999956e-01 3.400000000000000244e-01 -1.522878745280337620e+00 5.999999999999999778e-02 2.899999999999999800e-01
0.000000000000000000e+00 -2.045757490560675240e+00 2.399999999999999911e-01 3.300000000000000155e-01 -1.096910013008056461e+00 1.300000000000000044e-01 3.300000000000000155e-01
1.570796326794896558e+00 -1.309803919971486375e+00 1.400000000000000133e-01 1.499999999999999944e-01 -1.000000000000000000e+00 1.000000000000000056e-01 3.800000000000000044e-01
1.159279480727408496e+00 -2.045757490560675240e+00 1.900000000000000022e-01 2.099999999999999922e-01 -1.154901959985743076e+00 7.000000000000000666e-02 2.399999999999999911e-01
1.047197551196597631e+00 -1.494850021680093954e+00 1.600000000000000033e-01 2.099999999999999922e-01 -1.000000000000000000e+00 1.100000000000000006e-01 3.499999999999999778e-01
1.047197551196597631e+00 -2.000000000000000000e+00 1.799999999999999933e-01 1.799999999999999933e-01 -1.698970004336018746e+00 8.000000000000000167e-02 3.900000000000000133e-01
1.266103672779498979e+00 -2.301029995663981254e+00 1.700000000000000122e-01 1.799999999999999933e-01 -1.698970004336018746e+00 5.999999999999999778e-02 2.899999999999999800e-01
1.047197551196597631e+00 -1.366531544420413580e+00 2.000000000000000111e-01 2.800000000000000266e-01 -1.045757490560675240e+00 1.300000000000000044e-01 2.700000000000000178e-01
9.272952180016120760e-01 -1.356547323513812575e+00 2.399999999999999911e-01 1.799999999999999933e-01 -1.698970004336018746e+00 8.000000000000000167e-02 3.300000000000000155e-01
1.047197551196597631e+00 -2.522878745280337398e+00 2.600000000000000089e-01 2.200000000000000011e-01 -1.301029995663981254e+00 1.000000000000000056e-01 3.099999999999999978e-01
9.272952180016120760e-01 -2.522878745280337398e+00 2.399999999999999911e-01 3.400000000000000244e-01 -1.698970004336018746e+00 8.000000000000000167e-02 4.000000000000000222e-01
4.510268117962623613e-01 -2.522878745280337398e+00 2.700000000000000178e-01 1.700000000000000122e-01 -1.301029995663981254e+00 1.300000000000000044e-01 3.400000000000000244e-01
4.510268117962623613e-01 -2.522878745280337398e+00 2.700000000000000178e-01 1.700000000000000122e-01 -1.301029995663981254e+00 1.300000000000000044e-01 3.400000000000000244e-01
1.159279480727408496e+00 -2.045757490560675240e+00 2.700000000000000178e-01 2.700000000000000178e-01 -1.522878745280337620e+00 1.400000000000000133e-01 2.800000000000000266e-01
1.159279480727408496e+00 -1.721246399047171138e+00 1.700000000000000122e-01 1.799999999999999933e-01 -1.397940008672037493e+00 7.000000000000000666e-02 2.899999999999999800e-01
7.953988301841434794e-01 -1.698970004336018746e+00 2.800000000000000266e-01 2.999999999999999889e-01 -2.000000000000000000e+00 8.000000000000000167e-02 3.200000000000000067e-01
1.266103672779498979e+00 -2.154901959985743076e+00 2.200000000000000011e-01 3.300000000000000155e-01 -1.698970004336018746e+00 7.000000000000000666e-02 2.899999999999999800e-01
